dd 0,320,4400,0,0,0,0,0,0
dd 0,320,4400,0,1,0,0,0,0
dd 0,320,4400,0,2,0,0,0,0
dd 0,320,4400,0,3,0,0,0,0
dd 0,320,4400,0,4,0,0,0,0
dd 0,320,4400,0,5,0,0,0,0
dd 0,320,4400,0,6,0,0,0,0
dd 0,320,4400,0,7,0,0,0,0
dd 0,320,4400,0,9,0,0,0,0
dd 0,320,4400,0,10,0,0,0,0
dd 0,320,4400,0,11,0,0,0,0
dd 0,320,4400,0,12,0,0,0,0
dd 0,320,4400,0,13,0,0,0,0
dd 0,320,4400,0,14,0,0,0,0
dd 0,320,4400,0,15,0,0,0,0
dd 0,320,4400,0,16,0,0,0,0
dd 0,320,4400,0,17,0,0,0,0
dd 0,320,4400,0,19,0,0,0,0
dd 0,320,4400,0,20,0,0,0,0
dd 0,320,4400,0,21,0,0,0,0
dd 0,320,4400,0,22,0,0,0,0
dd 0,320,4400,0,23,0,0,0,0
dd 0,320,4400,0,24,0,0,0,0
dd 0,320,4400,0,25,0,0,0,0
dd 0,320,4400,0,26,0,0,0,0
dd 0,320,4400,0,28,0,0,0,0
dd 0,320,4400,0,29,0,0,0,0
dd 0,320,4400,0,30,0,0,0,0
dd 0,320,4400,0,31,0,0,0,0
dd 0,320,4400,0,32,0,0,0,0
dd 0,320,4400,0,33,0,0,0,0
dd 0,320,4400,0,35,0,0,0,0
dd 0,320,4400,0,36,0,0,0,0
dd 0,320,4400,0,37,0,0,0,0
dd 0,320,4400,0,38,0,0,0,0
dd 0,320,4400,0,39,0,0,0,0
dd 0,320,4400,0,41,0,0,0,0
dd 0,320,4400,0,42,0,0,0,0
dd 0,320,4400,0,43,0,0,0,0
dd 0,320,4400,0,44,0,0,0,0
dd 0,320,4400,0,45,0,0,0,0
dd 0,320,4400,0,47,0,0,0,0
dd 0,320,4400,0,48,0,0,0,0
dd 0,320,4400,0,49,0,0,0,0
dd 0,320,4400,0,50,0,0,0,0
dd 0,320,4400,0,51,0,0,0,0
dd 0,320,4400,0,53,0,0,0,0
dd 0,320,4400,0,54,0,0,0,0
dd 0,320,4400,0,55,0,0,0,0
dd 0,320,4400,0,56,0,0,0,0
dd 0,320,4400,0,58,0,0,0,0
dd 0,320,4400,0,59,0,0,0,0
dd 0,320,4400,0,60,0,0,0,0
dd 0,320,4400,0,61,0,0,0,0
dd 0,320,4400,0,63,0,0,0,0
dd 0,320,4400,0,64,0,0,0,0
dd 0,320,4400,0,65,0,0,0,0
dd 0,320,4400,0,67,0,0,0,0
dd 0,320,4400,0,68,0,0,0,0
dd 0,320,4400,0,69,0,0,0,0
dd 0,320,4400,0,70,0,0,0,0
dd 0,320,4400,0,72,0,0,0,0
dd 0,320,4400,0,73,0,0,0,0
dd 0,320,4400,0,74,0,0,0,0
dd 0,320,4400,0,76,0,0,0,0
dd 0,320,4400,0,77,0,0,0,0
dd 0,320,4400,0,78,0,0,0,0
dd 0,320,4400,0,80,0,0,0,0
dd 0,320,4400,0,81,0,0,0,0
dd 0,320,4400,0,82,0,0,0,0
dd 0,320,4400,0,84,0,0,0,0
dd 0,320,4400,0,85,0,0,0,0
dd 0,320,4400,0,86,0,0,0,0
dd 0,320,4400,0,88,0,0,0,0
dd 0,320,4400,0,89,0,0,0,0
dd 0,320,4400,0,90,0,0,0,0
dd 0,320,4400,0,92,0,0,0,0
dd 0,320,4400,0,93,0,0,0,0
dd 0,320,4400,0,94,0,0,0,0
dd 0,320,4400,0,96,0,0,0,0
dd 0,320,4400,0,97,0,0,0,0
dd 0,320,4400,0,99,0,0,0,0
dd 0,320,4400,0,100,0,0,0,0
dd 0,320,4400,0,101,0,0,0,0
dd 0,320,4400,0,103,0,0,0,0
dd 0,320,4400,0,104,0,0,0,0
dd 0,320,4400,0,106,0,0,0,0
dd 0,320,4400,0,107,0,0,0,0
dd 0,320,4400,0,108,0,0,0,0
dd 0,320,4400,0,110,0,0,0,0
dd 0,320,4400,0,111,0,0,0,0
dd 0,320,4400,0,113,0,0,0,0
dd 0,320,4400,0,114,0,0,0,0
dd 0,320,4400,0,116,0,0,0,0
dd 0,320,4400,0,117,0,0,0,0
dd 0,320,4400,0,118,0,0,0,0
dd 0,320,4400,0,120,0,0,0,0
dd 0,320,4400,0,121,0,0,0,0
dd 0,320,4400,0,123,0,0,0,0
dd 0,320,4400,0,124,0,0,0,0
dd 0,320,4400,0,126,0,0,0,0
dd 0,320,4400,0,127,0,0,0,0
dd 0,320,4400,0,129,0,0,0,0
dd 0,320,4400,0,130,0,0,0,0
dd 0,320,4400,0,132,0,0,0,0
dd 0,320,4400,0,133,0,0,0,0
dd 0,320,4400,0,135,0,0,0,0
dd 0,320,4400,0,136,0,0,0,0
dd 0,320,4400,0,138,0,0,0,0
dd 0,320,4400,0,139,0,0,0,0
dd 0,320,4400,0,141,0,0,0,0
dd 0,320,4400,0,142,0,0,0,0
dd 0,320,4400,0,144,0,0,0,0
dd 0,320,4400,0,145,0,0,0,0
dd 0,320,4400,0,147,0,0,0,0
dd 0,320,4400,0,148,0,0,0,0
dd 0,320,4400,0,150,0,0,0,0
dd 0,320,4400,0,151,0,0,0,0
dd 0,320,4400,0,153,0,0,0,0
dd 0,320,4400,0,155,0,0,0,0
dd 0,320,4400,0,156,0,0,0,0
dd 0,320,4400,0,158,0,0,0,0
dd 0,320,4400,0,159,0,0,0,0
dd 0,320,4400,0,161,0,0,0,0
dd 0,320,4400,0,162,0,0,0,0
dd 0,320,4400,0,164,0,0,0,0
dd 0,320,4400,0,166,0,0,0,0
dd 0,320,4400,0,167,0,0,0,0
dd 0,320,4400,0,169,0,0,0,0
dd 0,320,4400,0,170,0,0,0,0
dd 0,320,4400,0,172,0,0,0,0
dd 0,320,4400,0,174,0,0,0,0
dd 0,320,4400,0,175,0,0,0,0
dd 0,320,4400,0,177,0,0,0,0
dd 0,320,4400,0,178,0,0,0,0
dd 0,320,4400,0,180,0,0,0,0
dd 0,320,4400,0,182,0,0,0,0
dd 0,320,4400,0,183,0,0,0,0
dd 0,320,4400,0,185,0,0,0,0
dd 0,320,4400,0,187,0,0,0,0
dd 0,320,4400,0,188,0,0,0,0
dd 0,320,4400,0,190,0,0,0,0
dd 0,320,4400,0,192,0,0,0,0
dd 0,320,4400,0,193,0,0,0,0
dd 0,320,4400,0,195,0,0,0,0
dd 0,320,4400,0,197,0,0,0,0
dd 0,320,4400,0,198,0,0,0,0
dd 0,320,4400,0,200,0,0,0,0
dd 0,320,4400,0,202,0,0,0,0
dd 0,320,4400,0,203,0,0,0,0
dd 0,320,4400,0,205,0,0,0,0
dd 0,320,4400,0,207,0,0,0,0
dd 0,320,4400,0,209,0,0,0,0
dd 0,320,4400,0,210,0,0,0,0
dd 0,320,4400,0,212,0,0,0,0
dd 0,320,4400,0,214,0,0,0,0
dd 0,320,4400,0,215,0,0,0,0
dd 0,320,4400,0,217,0,0,0,0
dd 0,320,4400,0,219,0,0,0,0
dd 0,320,4400,0,221,0,0,0,0
dd 0,320,4400,0,222,0,0,0,0
dd 0,320,4400,0,224,0,0,0,0
dd 0,320,4400,0,226,0,0,0,0
dd 0,320,4400,0,228,0,0,0,0
dd 0,320,4400,0,230,0,0,0,0
dd 0,320,4400,0,231,0,0,0,0
dd 0,320,4400,0,233,0,0,0,0
dd 0,320,4400,0,235,0,0,0,0
dd 0,320,4400,0,237,0,0,0,0
dd 0,320,4400,0,238,0,0,0,0
dd 0,320,4400,0,240,0,0,0,0
dd 0,320,4400,0,242,0,0,0,0
dd 0,320,4400,0,244,0,0,0,0
dd 0,320,4400,0,246,0,0,0,0
dd 0,320,4400,0,248,0,0,0,0
dd 0,320,4400,0,249,0,0,0,0
dd 0,320,4400,0,251,0,0,0,0
dd 0,320,4400,0,253,0,0,0,0
dd 0,320,4400,0,255,0,0,0,0
dd 0,320,4400,0,257,0,0,0,0
dd 0,320,4400,0,259,0,0,0,0
dd 0,320,4400,0,261,0,0,0,0
dd 0,320,4400,0,262,0,0,0,0
dd 0,320,4400,0,264,0,0,0,0
dd 0,320,4400,0,266,0,0,0,0
dd 0,320,4400,0,268,0,0,0,0
dd 0,320,4400,0,270,0,0,0,0
dd 0,320,4400,0,272,0,0,0,0
dd 0,320,4400,0,274,0,0,0,0
dd 0,320,4400,0,276,0,0,0,0
dd 0,320,4400,0,278,0,0,0,0
dd 0,320,4400,0,279,0,0,0,0
dd 0,320,4400,0,281,0,0,0,0
dd 0,320,4400,0,283,0,0,0,0
dd 0,320,4400,0,285,0,0,0,0
dd 0,320,4400,0,287,0,0,0,0
dd 0,320,4400,0,289,0,0,0,0
dd 0,320,4400,0,291,0,0,0,0
dd 0,320,4400,0,293,0,0,0,0
dd 0,320,4400,0,295,0,0,0,0
dd 0,320,4400,0,297,0,0,0,0
dd 0,320,4400,0,299,0,0,0,0
dd 0,320,4400,0,301,0,0,0,0
dd 0,320,4400,0,303,0,0,0,0
dd 0,320,4400,0,305,0,0,0,0
dd 0,320,4400,0,307,0,0,0,0
dd 0,320,4400,0,309,0,0,0,0
dd 0,320,4400,0,311,0,0,0,0
dd 0,320,4400,0,313,0,0,0,0
dd 0,320,4400,0,315,0,0,0,0
dd 0,320,4400,0,317,0,0,0,0
dd 0,320,4400,0,319,0,0,0,0
dd 0,320,4400,0,321,0,0,0,0
dd 0,320,4400,0,323,0,0,0,0
dd 0,320,4400,0,325,0,0,0,0
dd 0,320,4400,0,327,0,0,0,0
dd 0,320,4400,0,329,0,0,0,0
dd 0,320,4400,0,331,0,0,0,0
dd 0,320,4400,0,333,0,0,0,0
dd 0,320,4400,0,335,0,0,0,0
dd 0,320,4400,0,337,0,0,0,0
dd 0,320,4400,0,339,0,0,0,0
dd 0,320,4400,0,341,0,0,0,0
dd 0,320,4400,0,344,0,0,0,0
dd 0,320,4400,0,346,0,0,0,0
dd 0,320,4400,0,348,0,0,0,0
dd 0,320,4400,0,350,0,0,0,0
dd 0,320,4400,0,352,0,0,0,0
dd 0,320,4400,0,352,0,0,0,0
dd 0,320,4400,0,353,0,0,0,0
dd 0,320,4400,0,354,0,0,0,0
dd 0,320,4400,0,355,0,0,0,0
dd 0,320,4400,0,356,0,0,0,0
dd 0,320,4400,0,357,0,0,0,0
dd 0,320,4400,0,358,0,0,0,0
dd 0,320,4400,0,359,0,0,0,0
dd 0,320,4400,0,360,0,0,0,0
dd 0,320,4400,0,361,0,0,0,0
dd 0,320,4400,0,362,0,0,0,0
dd 0,320,4400,0,363,0,0,0,0
dd 0,320,4400,0,364,0,0,0,0
dd 0,320,4400,0,365,0,0,0,0
dd 0,320,4400,0,366,0,0,0,0
dd 0,320,4400,0,367,0,0,0,0
dd 0,320,4400,0,368,0,0,0,0
dd 0,320,4400,0,369,0,0,0,0
dd 0,320,4400,0,370,0,0,0,0
dd 0,320,4400,0,371,0,0,0,0
dd 0,320,4400,0,372,0,0,0,0
dd 0,320,4400,0,373,0,0,0,0
dd 0,320,4400,0,374,0,0,0,0
dd 0,320,4400,0,375,0,0,0,0
dd 0,320,4400,0,376,0,0,0,0
dd 0,320,4400,0,377,0,0,0,0
dd 0,320,4400,0,378,0,0,0,0
dd 0,320,4400,0,379,0,0,0,0
dd 0,320,4400,0,380,0,0,0,0
dd 0,320,4400,0,381,0,0,0,0
dd 0,320,4400,0,382,0,0,0,0
dd 0,320,4400,0,383,0,0,0,0
dd 0,320,4400,0,384,0,0,0,0
dd 0,320,4400,0,385,0,0,0,0
dd 0,320,4400,0,386,0,0,0,0
dd 0,320,4400,0,387,0,0,0,0
dd 0,320,4400,0,388,0,0,0,0
dd 0,320,4400,0,389,0,0,0,0
dd 0,320,4400,0,390,0,0,0,0
dd 0,320,4400,0,391,0,0,0,0
dd 0,320,4400,1,392,0,0,0,0
dd 0,320,4400,1,393,0,0,0,0
dd 0,320,4400,1,394,0,0,0,0
dd 0,320,4400,1,395,0,0,0,0
dd 0,320,4400,1,396,0,0,0,0
dd 0,320,4400,1,397,0,0,0,0
dd 0,320,4400,1,398,0,0,0,0
dd 0,320,4400,1,399,0,0,0,0
dd 0,320,4400,1,400,0,0,0,0
dd 0,320,4400,1,401,0,0,0,0
dd 0,320,4400,1,401,0,0,0,0
dd 0,320,4400,1,402,0,0,0,0
dd 0,320,4400,1,403,0,0,0,0
dd 0,320,4400,1,404,0,0,0,0
dd 0,320,4400,1,405,0,0,0,0
dd 0,320,4400,1,406,0,0,0,0
dd 0,320,4400,1,407,0,0,0,0
dd 0,320,4400,2,408,0,0,0,0
dd 0,320,4400,2,409,0,0,0,0
dd 0,320,4400,2,410,0,0,0,0
dd 0,320,4400,2,411,0,0,0,0
dd 0,320,4400,2,412,0,0,0,0
dd 0,320,4400,2,413,0,0,0,0
dd 0,320,4400,2,414,0,0,0,0
dd 0,320,4400,2,415,0,0,0,0
dd 0,320,4400,2,416,0,0,0,0
dd 0,320,4400,2,417,0,0,0,0
dd 0,320,4400,2,418,0,0,0,0
dd 0,320,4400,3,419,0,0,0,0
dd 0,320,4400,3,419,0,0,0,0
dd 0,320,4400,3,420,0,0,0,0
dd 0,320,4400,3,421,0,0,0,0
dd 0,320,4400,3,422,0,0,0,0
dd 0,320,4400,3,423,0,0,0,0
dd 0,320,4400,3,424,0,0,0,0
dd 0,320,4400,3,425,0,0,0,0
dd 0,320,4400,4,426,0,0,0,0
dd 0,320,4400,4,427,0,0,0,0
dd 0,320,4400,4,428,0,0,0,0
dd 0,320,4400,4,429,0,0,0,0
dd 0,320,4400,4,430,0,0,0,0
dd 0,320,4400,4,431,0,0,0,0
dd 0,320,4400,5,432,0,0,0,0
dd 0,320,4400,5,433,0,0,0,0
dd 0,320,4400,5,434,0,0,0,0
dd 0,320,4400,5,435,0,0,0,0
dd 0,320,4400,5,436,0,0,0,0
dd 0,320,4400,5,437,0,0,0,0
dd 0,320,4400,6,438,0,0,0,0
dd 0,320,4400,6,439,0,0,0,0
dd 0,320,4400,6,440,0,0,0,0
dd 0,320,4400,6,441,0,0,0,0
dd 0,320,4400,6,441,0,0,0,0
dd 0,320,4400,7,442,0,0,0,0
dd 0,320,4400,7,443,0,0,0,0
dd 0,320,4400,7,444,0,0,0,0
dd 0,320,4400,7,445,0,0,0,0
dd 0,320,4400,7,446,0,0,0,0
dd 0,320,4400,8,447,0,0,0,0
dd 0,320,4400,8,448,0,0,0,0
dd 0,320,4400,8,449,0,0,0,0
dd 0,320,4400,8,450,0,0,0,0
dd 0,320,4400,9,451,0,0,0,0
dd 0,320,4400,9,452,0,0,0,0
dd 0,320,4400,9,453,0,0,0,0
dd 0,320,4400,10,454,0,0,0,0
dd 0,320,4400,10,455,0,0,0,0
dd 0,320,4400,10,456,0,0,0,0
dd 0,320,4400,10,457,0,0,0,0
dd 0,320,4400,11,458,0,0,0,0
dd 0,320,4400,11,459,0,0,0,0
dd 0,320,4400,11,460,0,0,0,0
dd 0,320,4400,12,461,0,0,0,0
dd 0,320,4400,12,462,0,0,0,0
dd 0,320,4400,12,464,0,0,0,0
dd 0,320,4400,12,465,0,0,0,0
dd 0,320,4400,13,466,0,0,0,0
dd 0,320,4400,13,467,0,0,0,0
dd 0,320,4400,13,468,0,0,0,0
dd 0,320,4400,14,469,0,0,0,0
dd 0,320,4400,14,470,0,0,0,0
dd 0,320,4400,15,471,0,0,0,0
dd 0,320,4400,15,472,0,0,0,0
dd 0,320,4400,15,473,0,0,0,0
dd 0,320,4400,16,474,0,0,0,0
dd 0,320,4400,16,475,0,0,0,0
dd 0,320,4400,16,476,0,0,0,0
dd 0,320,4400,17,477,0,0,0,0
dd 0,320,4400,17,478,0,0,0,0
dd 0,320,4400,18,479,0,0,0,0
dd 0,320,4400,18,480,0,0,0,0
dd 0,320,4400,18,482,0,0,0,0
dd 0,320,4400,19,483,0,0,0,0
dd 0,320,4400,19,484,0,0,0,0
dd 0,320,4400,20,485,0,0,0,0
dd 0,320,4400,20,486,0,0,0,0
dd 0,320,4400,21,487,0,0,0,0
dd 0,320,4400,21,488,0,0,0,0
dd 0,320,4400,22,489,0,0,0,0
dd 0,320,4400,22,491,0,0,0,0
dd 0,320,4400,23,492,0,0,0,0
dd 0,320,4400,23,493,0,0,0,0
dd 0,320,4400,23,494,0,0,0,0
dd 0,320,4400,24,495,0,0,0,0
dd 0,320,4400,25,496,0,0,0,0
dd 0,320,4400,25,497,0,0,0,0
dd 0,320,4400,26,499,0,0,0,0
dd 0,320,4400,26,500,0,0,0,0
dd 0,320,4400,27,501,0,0,0,0
dd 0,320,4400,27,502,0,0,0,0
dd 0,320,4400,28,503,0,0,0,0
dd 0,320,4400,28,504,0,0,0,0
dd 0,320,4400,29,506,0,0,0,0
dd 0,320,4400,29,507,0,0,0,0
dd 0,320,4400,30,508,0,0,0,0
dd 0,320,4400,31,509,0,0,0,0
dd 0,320,4400,31,511,0,0,0,0
dd 0,320,4400,32,512,0,0,0,0
dd 0,320,4400,32,513,0,0,0,0
dd 0,320,4400,33,514,0,0,0,0
dd 0,320,4400,34,515,0,0,0,0
dd 0,320,4400,34,517,0,0,0,0
dd 0,320,4400,35,518,0,0,0,0
dd 0,320,4400,36,519,0,0,0,0
dd 0,320,4400,36,521,0,0,0,0
dd 0,320,4400,37,522,0,0,0,0
dd 0,320,4400,38,523,0,0,0,0
dd 0,320,4400,38,524,0,0,0,0
dd 0,320,4400,39,526,0,0,0,0
dd 0,320,4400,40,527,0,0,0,0
dd 0,320,4400,40,528,0,0,0,0
dd 0,320,4400,41,530,0,0,0,0
dd 0,320,4400,42,531,0,0,0,0
dd 0,320,4400,42,532,0,0,0,0
dd 0,320,4400,43,534,0,0,0,0
dd 0,320,4400,44,535,0,0,0,0
dd 0,320,4400,45,536,0,0,0,0
dd 0,320,4400,46,538,0,0,0,0
dd 0,320,4400,46,539,0,0,0,0
dd 0,320,4400,47,540,0,0,0,0
dd 0,320,4400,48,542,0,0,0,0
dd 0,320,4400,49,543,0,0,0,0
dd 0,320,4400,49,545,0,0,0,0
dd 0,320,4400,50,546,0,0,0,0
dd 0,320,4400,51,547,0,0,0,0
dd 0,320,4400,52,549,0,0,0,0
dd 0,320,4400,53,550,0,0,0,0
dd 0,320,4400,54,552,0,0,0,0
dd 0,320,4400,55,553,0,0,0,0
dd 0,320,4400,55,555,0,0,0,0
dd 0,320,4400,56,556,0,0,0,0
dd 0,320,4400,57,557,0,0,0,0
dd 0,320,4400,58,559,0,0,0,0
dd 0,320,4400,59,560,0,0,0,0
dd 0,320,4400,60,562,0,0,0,0
dd 0,320,4400,61,563,0,0,0,0
dd 0,320,4400,62,565,0,0,0,0
dd 0,320,4400,63,566,0,0,0,0
dd 0,320,4400,64,568,0,0,0,0
dd 0,320,4400,65,569,0,0,0,0
dd 0,320,4400,66,571,0,0,0,0
dd 0,320,4400,67,573,0,0,0,0
dd 0,320,4400,68,574,0,0,0,0
dd 0,320,4400,69,576,0,0,0,0
dd 0,320,4400,70,577,0,0,0,0
dd 0,320,4400,71,579,0,0,0,0
dd 0,320,4400,72,580,0,0,0,0
dd 0,320,4400,73,582,0,0,0,0
dd 0,320,4400,74,584,0,0,0,0
dd 0,320,4400,75,585,0,0,0,0
dd 0,320,4400,76,587,0,0,0,0
dd 0,320,4400,77,589,0,0,0,0
dd 0,320,4400,78,590,0,0,0,0
dd 0,320,4400,79,592,0,0,0,0
dd 0,320,4400,80,593,0,0,0,0
dd 0,320,4400,82,595,0,0,0,0
dd 0,320,4400,83,597,0,0,0,0
dd 0,320,4400,84,599,0,0,0,0
dd 0,320,4400,85,600,0,0,0,0
dd 0,320,4400,86,602,0,0,0,0
dd 0,320,4400,87,604,0,0,0,0
dd 0,320,4400,89,605,0,0,0,0
dd 0,320,4400,90,607,0,0,0,0
dd 0,320,4400,91,609,0,0,0,0
dd 0,320,4400,92,611,0,0,0,0
dd 0,320,4400,93,612,0,0,0,0
dd 0,320,4400,95,614,0,0,0,0
dd 0,320,4400,96,616,0,0,0,0
dd 0,320,4400,96,616,0,0,0,0
dd 0,320,4400,97,617,0,0,0,0
dd 0,320,4400,97,618,0,0,0,0
dd 0,320,4400,98,619,0,0,0,0
dd 0,320,4400,99,619,0,0,0,0
dd 0,320,4400,99,620,0,0,0,0
dd 0,320,4400,100,621,0,0,0,0
dd 0,320,4400,101,622,0,0,0,0
dd 0,320,4400,101,623,0,0,0,0
dd 0,320,4400,102,624,0,0,0,0
dd 0,320,4400,103,624,0,0,0,0
dd 0,320,4400,103,625,0,0,0,0
dd 0,320,4400,104,626,0,0,0,0
dd 0,320,4400,105,627,0,0,0,0
dd 0,320,4400,106,628,0,0,0,0
dd 0,320,4400,106,629,0,0,0,0
dd 0,320,4400,107,629,0,0,0,0
dd 0,320,4400,108,630,0,0,0,0
dd 0,320,4400,109,631,0,0,0,0
dd 0,320,4400,110,632,0,0,0,0
dd 0,320,4400,110,633,0,0,0,0
dd 0,320,4400,111,633,0,0,0,0
dd 0,320,4400,112,634,0,0,0,0
dd 0,320,4400,113,635,0,0,0,0
dd 0,320,4400,114,636,0,0,0,0
dd 0,320,4400,114,637,0,0,0,0
dd 0,320,4400,115,638,0,0,0,0
dd 0,320,4400,116,638,0,0,0,0
dd 0,320,4400,117,639,0,0,0,0
dd 0,320,4400,118,640,0,0,0,0
dd 0,320,4400,119,641,0,0,0,0
dd 0,320,4400,119,642,0,0,0,0
dd 0,320,4400,120,642,0,0,0,0
dd 0,320,4400,121,643,0,0,0,0
dd 0,320,4400,122,644,0,0,0,0
dd 0,320,4400,123,645,0,0,0,0
dd 0,320,4400,124,645,0,0,0,0
dd 0,320,4400,125,646,0,0,0,0
dd 0,320,4400,126,647,0,0,0,0
dd 0,320,4400,127,648,0,0,0,0
dd 0,320,4400,128,649,0,0,0,0
dd 0,320,4400,129,649,0,0,0,0
dd 0,320,4400,129,650,0,0,0,0
dd 0,320,4400,130,651,0,0,0,0
dd 0,320,4400,131,652,0,0,0,0
dd 0,320,4400,132,652,0,0,0,0
dd 0,320,4400,133,653,0,0,0,0
dd 0,320,4400,134,654,0,0,0,0
dd 0,320,4400,135,655,0,0,0,0
dd 0,320,4400,136,655,0,0,0,0
dd 0,320,4400,137,656,0,0,0,0
dd 0,320,4400,138,657,0,0,0,0
dd 0,320,4400,139,658,0,0,0,0
dd 0,320,4400,140,658,0,0,0,0
dd 0,320,4400,141,659,0,0,0,0
dd 0,320,4400,142,660,0,0,0,0
dd 0,320,4400,143,660,0,0,0,0
dd 0,320,4400,144,661,0,0,0,0
dd 0,320,4400,145,662,0,0,0,0
dd 0,320,4400,146,663,0,0,0,0
dd 0,320,4400,148,663,0,0,0,0
dd 0,320,4400,149,664,0,0,0,0
dd 0,320,4400,150,665,0,0,0,0
dd 0,320,4400,151,665,0,0,0,0
dd 0,320,4400,152,666,0,0,0,0
dd 0,320,4400,153,667,0,0,0,0
dd 0,320,4400,154,667,0,0,0,0
dd 0,320,4400,155,668,0,0,0,0
dd 0,320,4400,156,669,0,0,0,0
dd 0,320,4400,157,669,0,0,0,0
dd 0,320,4400,158,670,0,0,0,0
dd 0,320,4400,159,671,0,0,0,0
dd 0,320,4400,161,671,0,0,0,0
dd 0,320,4400,162,672,0,0,0,0
dd 0,320,4400,163,673,0,0,0,0
dd 0,320,4400,164,673,0,0,0,0
dd 0,320,4400,165,674,0,0,0,0
dd 0,320,4400,166,675,0,0,0,0
dd 0,320,4400,167,675,0,0,0,0
dd 0,320,4400,169,676,0,0,0,0
dd 0,320,4400,170,676,0,0,0,0
dd 0,320,4400,171,677,0,0,0,0
dd 0,320,4400,172,678,0,0,0,0
dd 0,320,4400,173,678,0,0,0,0
dd 0,320,4400,174,679,0,0,0,0
dd 0,320,4400,176,679,0,0,0,0
dd 0,320,4400,177,680,0,0,0,0
dd 0,320,4400,178,681,0,0,0,0
dd 0,320,4400,179,681,0,0,0,0
dd 0,320,4400,180,682,0,0,0,0
dd 0,320,4400,182,682,0,0,0,0
dd 0,320,4400,183,683,0,0,0,0
dd 0,320,4400,184,683,0,0,0,0
dd 0,320,4400,185,684,0,0,0,0
dd 0,320,4400,186,685,0,0,0,0
dd 0,320,4400,188,685,0,0,0,0
dd 0,320,4400,189,686,0,0,0,0
dd 0,320,4400,190,686,0,0,0,0
dd 0,320,4400,191,687,0,0,0,0
dd 0,320,4400,193,687,0,0,0,0
dd 0,320,4400,194,688,0,0,0,0
dd 0,320,4400,195,688,0,0,0,0
dd 0,320,4400,196,689,0,0,0,0
dd 0,320,4400,198,689,0,0,0,0
dd 0,320,4400,199,690,0,0,0,0
dd 0,320,4400,200,690,0,0,0,0
dd 0,320,4400,201,691,0,0,0,0
dd 0,320,4400,203,691,0,0,0,0
dd 0,320,4400,204,692,0,0,0,0
dd 0,320,4400,205,692,0,0,0,0
dd 0,320,4400,206,692,0,0,0,0
dd 0,320,4400,208,693,0,0,0,0
dd 0,320,4400,209,693,0,0,0,0
dd 0,320,4400,210,694,0,0,0,0
dd 0,320,4400,212,694,0,0,0,0
dd 0,320,4400,213,695,0,0,0,0
dd 0,320,4400,214,695,0,0,0,0
dd 0,320,4400,216,695,0,0,0,0
dd 0,320,4400,217,696,0,0,0,0
dd 0,320,4400,218,696,0,0,0,0
dd 0,320,4400,219,697,0,0,0,0
dd 0,320,4400,221,697,0,0,0,0
dd 0,320,4400,222,697,0,0,0,0
dd 0,320,4400,223,698,0,0,0,0
dd 0,320,4400,225,698,0,0,0,0
dd 0,320,4400,226,698,0,0,0,0
dd 0,320,4400,227,699,0,0,0,0
dd 0,320,4400,229,699,0,0,0,0
dd 0,320,4400,230,699,0,0,0,0
dd 0,320,4400,231,700,0,0,0,0
dd 0,320,4400,233,700,0,0,0,0
dd 0,320,4400,234,700,0,0,0,0
dd 0,320,4400,235,701,0,0,0,0
dd 0,320,4400,237,701,0,0,0,0
dd 0,320,4400,238,701,0,0,0,0
dd 0,320,4400,240,702,0,0,0,0
dd 0,320,4400,241,702,0,0,0,0
dd 0,320,4400,242,702,0,0,0,0
dd 0,320,4400,244,702,0,0,0,0
dd 0,320,4400,245,703,0,0,0,0
dd 0,320,4400,246,703,0,0,0,0
dd 0,320,4400,248,703,0,0,0,0
dd 0,320,4400,249,703,0,0,0,0
dd 0,320,4400,250,703,0,0,0,0
dd 0,320,4400,252,704,0,0,0,0
dd 0,320,4400,253,704,0,0,0,0
dd 0,320,4400,255,704,0,0,0,0
dd 0,320,4400,256,704,0,0,0,0
dd 0,320,4400,257,704,0,0,0,0
dd 0,320,4400,259,705,0,0,0,0
dd 0,320,4400,260,705,0,0,0,0
dd 0,320,4400,261,705,0,0,0,0
dd 0,320,4400,263,705,0,0,0,0
dd 0,320,4400,264,705,0,0,0,0
dd 0,320,4400,266,705,0,0,0,0
dd 0,320,4400,267,705,0,0,0,0
dd 0,320,4400,268,705,0,0,0,0
dd 0,320,4400,270,706,0,0,0,0
dd 0,320,4400,271,706,0,0,0,0
dd 0,320,4400,273,706,0,0,0,0
dd 0,320,4400,274,706,0,0,0,0
dd 0,320,4400,275,706,0,0,0,0
dd 0,320,4400,277,706,0,0,0,0
dd 0,320,4400,278,706,0,0,0,0
dd 0,320,4400,280,706,0,0,0,0
dd 0,320,4400,281,706,0,0,0,0
dd 0,320,4400,282,706,0,0,0,0
dd 0,320,4400,284,706,0,0,0,0
dd 0,320,4400,285,706,0,0,0,0
dd 0,320,4400,287,706,0,0,0,0
dd 0,320,4400,288,706,0,0,0,0
dd 0,320,4400,289,706,0,0,0,0
dd 0,320,4400,291,706,0,0,0,0
dd 0,320,4400,292,706,0,0,0,0
dd 0,320,4400,294,706,0,0,0,0
dd 0,320,4400,295,706,0,0,0,0
dd 0,320,4400,296,706,0,0,0,0
dd 0,320,4400,298,706,0,0,0,0
dd 0,320,4400,299,706,0,0,0,0
dd 0,320,4400,301,705,0,0,0,0
dd 0,320,4400,302,705,0,0,0,0
dd 0,320,4400,304,705,0,0,0,0
dd 0,320,4400,305,705,0,0,0,0
dd 0,320,4400,306,705,0,0,0,0
dd 0,320,4400,308,705,0,0,0,0
dd 0,320,4400,309,705,0,0,0,0
dd 0,320,4400,311,704,0,0,0,0
dd 0,320,4400,312,704,0,0,0,0
dd 0,320,4400,313,704,0,0,0,0
dd 0,320,4400,315,704,0,0,0,0
dd 0,320,4400,316,704,0,0,0,0
dd 0,320,4400,318,703,0,0,0,0
dd 0,320,4400,319,703,0,0,0,0
dd 0,320,4400,320,703,0,0,0,0
dd 0,320,4400,322,703,0,0,0,0
dd 0,320,4400,323,702,0,0,0,0
dd 0,320,4400,325,702,0,0,0,0
dd 0,320,4400,326,702,0,0,0,0
dd 0,320,4400,328,702,0,0,0,0
dd 0,320,4400,329,701,0,0,0,0
dd 0,320,4400,330,701,0,0,0,0
dd 0,320,4400,332,701,0,0,0,0
dd 0,320,4400,333,700,0,0,0,0
dd 0,320,4400,335,700,0,0,0,0
dd 0,320,4400,336,699,0,0,0,0
dd 0,320,4400,337,699,0,0,0,0
dd 0,320,4400,339,699,0,0,0,0
dd 0,320,4400,340,698,0,0,0,0
dd 0,320,4400,342,698,0,0,0,0
dd 0,320,4400,343,698,0,0,0,0
dd 0,320,4400,344,697,0,0,0,0
dd 0,320,4400,346,697,0,0,0,0
dd 0,320,4400,347,696,0,0,0,0
dd 0,320,4400,349,696,0,0,0,0
dd 0,320,4400,350,695,0,0,0,0
dd 0,320,4400,351,695,0,0,0,0
dd 0,320,4400,353,694,0,0,0,0
dd 0,320,4400,354,694,0,0,0,0
dd 0,320,4400,356,693,0,0,0,0
dd 0,320,4400,357,693,0,0,0,0
dd 0,320,4400,358,692,0,0,0,0
dd 0,320,4400,360,692,0,0,0,0
dd 0,320,4400,361,691,0,0,0,0
dd 0,320,4400,362,690,0,0,0,0
dd 0,320,4400,364,690,0,0,0,0
dd 0,320,4400,365,689,0,0,0,0
dd 0,320,4400,367,689,0,0,0,0
dd 0,320,4400,368,688,0,0,0,0
dd 0,320,4400,368,688,0,0,0,0
dd 0,320,4400,369,687,0,0,0,0
dd 0,320,4400,371,687,0,0,0,0
dd 0,320,4400,372,686,0,0,0,0
dd 0,320,4400,374,686,0,0,0,0
dd 0,320,4400,375,685,0,0,0,0
dd 0,320,4400,376,684,0,0,0,0
dd 0,320,4400,377,684,0,0,0,0
dd 0,320,4400,379,683,0,0,0,0
dd 0,320,4400,380,683,0,0,0,0
dd 0,320,4400,381,682,0,0,0,0
dd 0,320,4400,382,681,0,0,0,0
dd 0,320,4400,383,681,0,0,0,0
dd 0,320,4400,384,680,0,0,0,0
dd 0,320,4400,385,680,0,0,0,0
dd 0,320,4400,386,679,0,0,0,0
dd 0,320,4400,387,679,0,0,0,0
dd 0,320,4400,388,678,0,0,0,0
dd 0,320,4400,388,677,0,0,0,0
dd 0,320,4400,389,677,0,0,0,0
dd 0,320,4400,390,676,0,0,0,0
dd 0,320,4400,391,676,0,0,0,0
dd 0,320,4400,391,675,0,0,0,0
dd 0,320,4400,392,675,0,0,0,0
dd 0,320,4400,393,674,0,0,0,0
dd 0,320,4400,393,674,0,0,0,0
dd 0,320,4400,394,673,0,0,0,0
dd 0,320,4400,394,673,0,0,0,0
dd 0,320,4400,395,672,0,0,0,0
dd 0,320,4400,395,672,0,0,0,0
dd 0,320,4400,396,671,0,0,0,0
dd 0,320,4400,396,671,0,0,0,0
dd 0,320,4400,396,670,0,0,0,0
dd 0,320,4400,397,670,0,0,0,0
dd 0,320,4400,397,670,0,0,0,0
dd 0,320,4400,397,669,0,0,0,0
dd 0,320,4400,397,669,0,0,0,0
dd 0,320,4400,398,668,0,0,0,0
dd 0,320,4400,398,668,0,0,0,0
dd 0,320,4400,398,667,0,0,0,0
dd 0,320,4400,398,667,0,0,0,0
dd 0,320,4400,398,666,0,0,0,0
dd 0,320,4400,398,666,0,0,0,0
dd 0,320,4400,398,666,0,0,0,0
dd 0,320,4400,398,665,0,0,0,0
dd 0,320,4400,398,665,0,0,0,0
dd 0,320,4400,398,664,0,0,0,0
dd 0,320,4400,398,664,0,0,0,0
dd 0,320,4400,398,664,0,0,0,0
dd 0,320,4400,397,663,0,0,0,0
dd 0,320,4400,397,663,0,0,0,0
dd 0,320,4400,397,662,0,0,0,0
dd 0,320,4400,397,662,0,0,0,0
dd 0,320,4400,396,662,0,0,0,0
dd 0,320,4400,396,661,0,0,0,0
dd 0,320,4400,396,661,0,0,0,0
dd 0,320,4400,395,661,0,0,0,0
dd 0,320,4400,395,660,0,0,0,0
dd 0,320,4400,394,660,0,0,0,0
dd 0,320,4400,394,659,0,0,0,0
dd 0,320,4400,393,659,0,0,0,0
dd 0,320,4400,393,659,0,0,0,0
dd 0,320,4400,392,658,0,0,0,0
dd 0,320,4400,392,658,0,0,0,0
dd 0,320,4400,391,658,0,0,0,0
dd 0,320,4400,391,657,0,0,0,0
dd 0,320,4400,390,657,0,0,0,0
dd 0,320,4400,389,657,0,0,0,0
dd 0,320,4400,389,656,0,0,0,0
dd 0,320,4400,388,656,0,0,0,0
dd 0,320,4400,387,656,0,0,0,0
dd 0,320,4400,386,656,0,0,0,0
dd 0,320,4400,385,655,0,0,0,0
dd 0,320,4400,385,655,0,0,0,0
dd 0,320,4400,384,655,0,0,0,0
dd 0,320,4400,383,654,0,0,0,0
dd 0,320,4400,382,654,0,0,0,0
dd 0,320,4400,381,654,0,0,0,0
dd 0,320,4400,380,654,0,0,0,0
dd 0,320,4400,379,653,0,0,0,0
dd 0,320,4400,378,653,0,0,0,0
dd 0,320,4400,377,653,0,0,0,0
dd 0,320,4400,376,653,0,0,0,0
dd 0,320,4400,375,652,0,0,0,0
dd 0,320,4400,374,652,0,0,0,0
dd 0,320,4400,373,652,0,0,0,0
dd 0,320,4400,371,652,0,0,0,0
dd 0,320,4400,370,651,0,0,0,0
dd 0,320,4400,369,651,0,0,0,0
dd 0,320,4400,368,651,0,0,0,0
dd 0,320,4400,367,651,0,0,0,0
dd 0,320,4400,365,650,0,0,0,0
dd 0,320,4400,364,650,0,0,0,0
dd 0,320,4400,363,650,0,0,0,0
dd 0,320,4400,362,650,0,0,0,0
dd 0,320,4400,360,649,0,0,0,0
dd 0,320,4400,359,649,0,0,0,0
dd 0,320,4400,357,649,0,0,0,0
dd 0,320,4400,356,649,0,0,0,0
dd 0,320,4400,355,649,0,0,0,0
dd 0,320,4400,353,648,0,0,0,0
dd 0,320,4400,352,648,0,0,0,0
dd 0,320,4400,350,648,0,0,0,0
dd 0,320,4400,349,648,0,0,0,0
dd 0,320,4400,347,648,0,0,0,0
dd 0,320,4400,346,647,0,0,0,0
dd 0,320,4400,344,647,0,0,0,0
dd 0,320,4400,343,647,0,0,0,0
dd 0,320,4400,341,647,0,0,0,0
dd 0,320,4400,339,647,0,0,0,0
dd 0,320,4400,338,647,0,0,0,0
dd 0,320,4400,336,646,0,0,0,0
dd 0,320,4400,335,646,0,0,0,0
dd 0,320,4400,333,646,0,0,0,0
dd 0,320,4400,331,646,0,0,0,0
dd 0,320,4400,329,646,0,0,0,0
dd 0,320,4400,328,646,0,0,0,0
dd 0,320,4400,326,645,0,0,0,0
dd 0,320,4400,324,645,0,0,0,0
dd 0,320,4400,322,645,0,0,0,0
dd 0,320,4400,321,645,0,0,0,0
dd 0,320,4400,319,645,0,0,0,0
dd 0,320,4400,317,645,0,0,0,0
dd 0,320,4400,315,645,0,0,0,0
dd 0,320,4400,313,644,0,0,0,0
dd 0,320,4400,311,644,0,0,0,0
dd 0,320,4400,310,644,0,0,0,0
dd 0,320,4400,308,644,0,0,0,0
dd 0,320,4400,306,644,0,0,0,0
dd 0,320,4400,304,644,0,0,0,0
dd 0,320,4400,302,644,0,0,0,0
dd 0,320,4400,300,644,0,0,0,0
dd 0,320,4400,298,644,0,0,0,0
dd 0,320,4400,296,643,0,0,0,0
dd 0,320,4400,294,643,0,0,0,0
dd 0,320,4400,292,643,0,0,0,0
dd 0,320,4400,290,643,0,0,0,0
dd 0,320,4400,288,643,0,0,0,0
dd 0,320,4400,286,643,0,0,0,0
dd 0,320,4400,284,643,0,0,0,0
dd 0,320,4400,282,643,0,0,0,0
dd 0,320,4400,280,643,0,0,0,0
dd 0,320,4400,278,643,0,0,0,0
dd 0,320,4400,276,642,0,0,0,0
dd 0,320,4400,274,642,0,0,0,0
dd 0,320,4400,271,642,0,0,0,0
dd 0,320,4400,269,642,0,0,0,0
dd 0,320,4400,267,642,0,0,0,0
dd 0,320,4400,265,642,0,0,0,0
dd 0,320,4400,263,642,0,0,0,0
dd 0,320,4400,261,642,0,0,0,0
dd 0,320,4400,259,642,0,0,0,0
dd 0,320,4400,256,642,0,0,0,0
dd 0,320,4400,254,642,0,0,0,0
dd 0,320,4400,252,642,0,0,0,0
dd 0,320,4400,250,642,0,0,0,0
dd 0,320,4400,247,641,0,0,0,0
dd 0,320,4400,245,641,0,0,0,0
dd 0,320,4400,243,641,0,0,0,0
dd 0,320,4400,241,641,0,0,0,0
dd 0,320,4400,239,641,0,0,0,0
dd 0,320,4400,236,641,0,0,0,0
dd 0,320,4400,234,641,0,0,0,0
dd 0,320,4400,232,641,0,0,0,0
dd 0,320,4400,229,641,0,0,0,0
dd 0,320,4400,227,641,0,0,0,0
dd 0,320,4400,225,641,0,0,0,0
dd 0,320,4400,223,641,0,0,0,0
dd 0,320,4400,220,641,0,0,0,0
dd 0,320,4400,218,641,0,0,0,0
dd 0,320,4400,216,641,0,0,0,0
dd 0,320,4400,213,641,0,0,0,0
dd 0,320,4400,211,641,0,0,0,0
dd 0,320,4400,209,641,0,0,0,0
dd 0,320,4400,206,641,0,0,0,0
dd 0,320,4400,204,641,0,0,0,0
dd 0,320,4400,202,641,0,0,0,0
dd 0,320,4400,199,641,0,0,0,0
dd 0,320,4400,197,640,0,0,0,0
dd 0,320,4400,194,640,0,0,0,0
dd 0,320,4400,192,640,0,0,0,0
dd 0,320,4400,190,640,0,0,0,0
dd 0,320,4400,187,640,0,0,0,0
dd 0,320,4400,185,640,0,0,0,0
dd 0,320,4400,183,640,0,0,0,0
dd 0,320,4400,180,640,0,0,0,0
dd 0,320,4400,178,640,0,0,0,0
dd 0,320,4400,175,640,0,0,0,0
dd 0,320,4400,173,640,0,0,0,0
dd 0,320,4400,171,640,0,0,0,0
dd 0,320,4400,168,640,0,0,0,0
dd 0,320,4400,166,640,0,0,0,0
dd 0,320,4400,163,640,0,0,0,0
dd 0,320,4400,161,640,0,0,0,0
dd 0,320,4400,159,640,0,0,0,0
dd 0,320,4400,156,640,0,0,0,0
dd 0,320,4400,154,640,0,0,0,0
dd 0,320,4400,151,640,0,0,0,0
dd 0,320,4400,149,640,0,0,0,0
dd 0,320,4400,147,640,0,0,0,0
dd 0,320,4400,144,640,0,0,0,0
dd 0,320,4400,142,640,0,0,0,0
dd 0,320,4400,139,640,0,0,0,0
dd 0,320,4400,137,640,0,0,0,0
dd 0,320,4400,135,640,0,0,0,0
dd 0,320,4400,132,640,0,0,0,0
dd 0,320,4400,130,640,0,0,0,0
dd 0,320,4400,127,640,0,0,0,0
dd 0,320,4400,125,640,0,0,0,0
dd 0,320,4400,123,640,0,0,0,0
dd 0,320,4400,120,640,0,0,0,0
dd 0,320,4400,118,640,0,0,0,0
dd 0,320,4400,115,640,0,0,0,0
dd 0,320,4400,113,640,0,0,0,0
dd 0,320,4400,111,640,0,0,0,0
dd 0,320,4400,108,640,0,0,0,0
dd 0,320,4400,106,640,0,0,0,0
dd 0,320,4400,104,640,0,0,0,0
dd 0,320,4400,101,640,0,0,0,0
dd 0,320,4400,99,640,0,0,0,0
dd 0,320,4400,96,640,0,0,0,0
dd 0,320,4400,94,640,0,0,0,0
dd 0,320,4400,92,640,0,0,0,0
dd 0,320,4400,89,640,0,0,0,0
dd 0,320,4400,87,640,0,0,0,0
dd 0,320,4400,85,640,0,0,0,0
dd 0,320,4400,82,640,0,0,0,0
dd 0,320,4400,80,640,0,0,0,0
dd 0,320,4400,80,640,0,0,0,0
dd 0,320,4400,79,640,0,0,0,0
dd 0,320,4400,78,640,0,0,0,0
dd 0,320,4400,77,640,0,0,0,0
dd 0,320,4400,77,640,0,0,0,0
dd 0,320,4400,76,640,0,0,0,0
dd 0,320,4400,75,640,0,0,0,0
dd 0,320,4400,74,640,0,0,0,0
dd 0,320,4400,73,640,0,0,-1,0
dd 0,320,4400,73,640,0,0,-1,0
dd 0,320,4400,72,640,0,0,-1,0
dd 0,320,4400,71,640,0,0,-1,0
dd 0,320,4400,70,640,0,0,-1,0
dd 0,320,4400,70,640,0,0,-1,0
dd 0,320,4400,69,640,0,0,-2,0
dd 0,320,4400,68,640,0,0,-2,0
dd 0,320,4400,67,640,0,0,-2,0
dd 0,320,4400,67,640,0,0,-2,0
dd 0,320,4400,66,640,0,0,-3,0
dd 0,320,4400,65,640,0,0,-3,0
dd 0,320,4400,65,640,0,0,-3,0
dd 0,320,4400,64,640,0,0,-3,0
dd 0,320,4400,63,640,0,0,-4,0
dd 0,320,4400,62,640,0,0,-4,0
dd 0,320,4400,62,640,0,0,-4,0
dd 0,320,4400,61,640,0,0,-5,0
dd 0,320,4400,60,640,0,0,-5,0
dd 0,320,4400,60,640,0,0,-6,0
dd 0,320,4400,59,640,0,0,-6,0
dd 0,320,4400,58,640,0,0,-6,0
dd 0,320,4400,58,640,0,0,-7,0
dd 0,320,4400,57,640,0,0,-7,0
dd 0,320,4400,57,640,0,0,-8,0
dd 0,320,4400,56,640,0,0,-8,0
dd 0,320,4400,55,640,0,0,-9,0
dd 0,320,4400,55,640,0,0,-9,0
dd 0,320,4400,54,640,0,0,-10,0
dd 0,320,4400,54,640,0,0,-10,0
dd 0,320,4400,53,640,0,0,-11,0
dd 0,320,4400,52,640,0,0,-12,0
dd 0,320,4400,52,640,0,0,-12,0
dd 0,320,4400,51,640,0,0,-13,0
dd 0,320,4400,51,640,0,0,-13,0
dd 0,320,4400,50,640,0,0,-14,0
dd 0,320,4400,50,640,0,0,-15,0
dd 0,320,4400,49,640,0,0,-15,0
dd 0,320,4400,48,640,0,0,-16,0
dd 0,320,4400,48,640,0,0,-17,0
dd 0,320,4400,47,640,0,0,-17,0
dd 0,320,4400,47,640,0,0,-18,0
dd 0,320,4400,46,640,0,0,-19,0
dd 0,320,4400,46,640,0,0,-19,0
dd 0,320,4400,45,640,0,0,-20,0
dd 0,320,4400,45,640,0,0,-21,0
dd 0,320,4400,44,640,0,0,-22,0
dd 0,320,4400,44,640,0,0,-22,0
dd 0,320,4400,43,640,0,0,-23,0
dd 0,320,4400,43,640,0,0,-24,0
dd 0,320,4400,42,640,0,0,-25,0
dd 0,320,4400,42,640,0,0,-26,0
dd 0,320,4400,41,640,0,0,-27,0
dd 0,320,4400,41,640,0,0,-27,0
dd 0,320,4400,41,640,0,0,-28,0
dd 0,320,4400,40,640,0,0,-29,0
dd 0,320,4400,40,640,0,0,-30,0
dd 0,320,4400,39,640,0,0,-31,0
dd 0,320,4400,39,640,0,0,-32,0
dd 0,320,4400,38,640,0,0,-33,0
dd 0,320,4400,38,640,0,0,-34,0
dd 0,320,4400,38,640,0,0,-35,0
dd 0,320,4400,37,640,0,0,-36,0
dd 0,320,4400,37,640,0,0,-37,0
dd 0,320,4400,36,640,0,0,-38,0
dd 0,320,4400,36,640,0,0,-39,0
dd 0,320,4400,36,640,0,0,-40,0
dd 0,320,4400,35,640,0,0,-41,0
dd 0,320,4400,35,640,0,0,-42,0
dd 0,320,4400,34,640,0,0,-43,0
dd 0,320,4400,34,640,0,0,-44,0
dd 0,320,4400,34,640,0,0,-45,0
dd 0,320,4400,33,640,0,0,-46,0
dd 0,320,4400,33,640,0,0,-47,0
dd 0,320,4400,33,640,0,0,-48,0
dd 0,320,4400,32,640,0,0,-49,0
dd 0,320,4400,32,640,0,0,-51,0
dd 0,320,4400,32,640,0,0,-52,0
dd 0,320,4400,31,640,0,0,-53,0
dd 0,320,4400,31,640,0,0,-54,0
dd 0,320,4400,31,640,0,0,-55,0
dd 0,320,4400,30,640,0,0,-56,0
dd 0,320,4400,30,640,0,0,-58,0
dd 0,320,4400,30,640,0,0,-59,0
dd 0,320,4400,29,640,0,0,-60,0
dd 0,320,4400,29,640,0,0,-61,0
dd 0,320,4400,29,640,0,0,-63,0
dd 0,320,4400,29,640,0,0,-64,0
dd 0,320,4400,28,640,0,0,-65,0
dd 0,320,4400,28,640,0,0,-66,0
dd 0,320,4400,28,640,0,0,-68,0
dd 0,320,4400,27,640,0,0,-69,0
dd 0,320,4400,27,640,0,0,-70,0
dd 0,320,4400,27,640,0,0,-72,0
dd 0,320,4400,27,640,0,0,-73,0
dd 0,320,4400,26,640,0,0,-74,0
dd 0,320,4400,26,640,0,0,-76,0
dd 0,320,4400,26,640,0,0,-77,0
dd 0,320,4400,26,640,0,0,-78,0
dd 0,320,4400,25,640,0,0,-80,0
dd 0,320,4400,25,640,0,0,-81,0
dd 0,320,4400,25,640,0,0,-83,0
dd 0,320,4400,25,640,0,0,-84,0
dd 0,320,4400,25,640,0,0,-85,0
dd 0,320,4400,24,640,0,0,-87,0
dd 0,320,4400,24,640,0,0,-88,0
dd 0,320,4400,24,640,0,0,-90,0
dd 0,320,4400,24,640,0,0,-91,0
dd 0,320,4400,23,640,0,0,-93,0
dd 0,320,4400,23,640,0,0,-94,0
dd 0,320,4400,23,640,0,0,-96,0
dd 0,320,4400,23,640,0,0,-97,0
dd 0,320,4400,23,640,0,0,-99,0
dd 0,320,4400,23,640,0,0,-100,0
dd 0,320,4400,22,640,0,0,-102,0
dd 0,320,4400,22,640,0,0,-103,0
dd 0,320,4400,22,640,0,0,-105,0
dd 0,320,4400,22,640,0,0,-106,0
dd 0,320,4400,22,640,0,0,-108,0
dd 0,320,4400,21,640,0,0,-109,0
dd 0,320,4400,21,640,0,0,-111,0
dd 0,320,4400,21,640,0,0,-113,0
dd 0,320,4400,21,640,0,0,-114,0
dd 0,320,4400,21,640,0,0,-116,0
dd 0,320,4400,21,640,0,0,-118,0
dd 0,320,4400,21,640,0,0,-119,0
dd 0,320,4400,20,640,0,0,-121,0
dd 0,320,4400,20,640,0,0,-122,0
dd 0,320,4400,20,640,0,0,-124,0
dd 0,320,4400,20,640,0,0,-126,0
dd 0,320,4400,20,640,0,0,-127,0
dd 0,320,4400,20,640,0,0,-129,0
dd 0,320,4400,20,640,0,0,-131,0
dd 0,320,4400,19,640,0,0,-132,0
dd 0,320,4400,19,640,0,0,-134,0
dd 0,320,4400,19,640,0,0,-136,0
dd 0,320,4400,19,640,0,0,-138,0
dd 0,320,4400,19,640,0,0,-139,0
dd 0,320,4400,19,640,0,0,-141,0
dd 0,320,4400,19,640,0,0,-143,0
dd 0,320,4400,19,640,0,0,-145,0
dd 0,320,4400,19,640,0,0,-146,0
dd 0,320,4400,18,640,0,0,-148,0
dd 0,320,4400,18,640,0,0,-150,0
dd 0,320,4400,18,640,0,0,-152,0
dd 0,320,4400,18,640,0,0,-154,0
dd 0,320,4400,18,640,0,0,-155,0
dd 0,320,4400,18,640,0,0,-157,0
dd 0,320,4400,18,640,0,0,-159,0
dd 0,320,4400,18,640,0,0,-161,0
dd 0,320,4400,18,640,0,0,-163,0
dd 0,320,4400,18,640,0,0,-164,0
dd 0,320,4400,18,640,0,0,-166,0
dd 0,320,4400,18,640,0,0,-168,0
dd 0,320,4400,18,640,0,0,-170,0
dd 0,320,4400,17,640,0,0,-172,0
dd 0,320,4400,17,640,0,0,-174,0
dd 0,320,4400,17,640,0,0,-176,0
dd 0,320,4400,17,640,0,0,-178,0
dd 0,320,4400,17,640,0,0,-179,0
dd 0,320,4400,17,640,0,0,-181,0
dd 0,320,4400,17,640,0,0,-183,0
dd 0,320,4400,17,640,0,0,-185,0
dd 0,320,4400,17,640,0,0,-187,0
dd 0,320,4400,17,640,0,0,-189,0
dd 0,320,4400,17,640,0,0,-191,0
dd 0,320,4400,17,640,0,0,-193,0
dd 0,320,4400,17,640,0,0,-195,0
dd 0,320,4400,17,640,0,0,-197,0
dd 0,320,4400,17,640,0,0,-199,0
dd 0,320,4400,17,640,0,0,-201,0
dd 0,320,4400,17,640,0,0,-203,0
dd 0,320,4400,17,640,0,0,-205,0
dd 0,320,4400,17,640,0,0,-207,0
dd 0,320,4400,16,640,0,0,-209,0
dd 0,320,4400,16,640,0,0,-211,0
dd 0,320,4400,16,640,0,0,-213,0
dd 0,320,4400,16,640,0,0,-215,0
dd 0,320,4400,16,640,0,0,-217,0
dd 0,320,4400,16,640,0,0,-219,0
dd 0,320,4400,16,640,0,0,-221,0
dd 0,320,4400,16,640,0,0,-223,0
dd 0,320,4400,16,640,0,0,-225,0
dd 0,320,4400,16,640,0,0,-227,0
dd 0,320,4400,16,640,0,0,-229,0
dd 0,320,4400,16,640,0,0,-231,0
dd 0,320,4400,16,640,0,0,-233,0
dd 0,320,4400,16,640,0,0,-235,0
dd 0,320,4400,16,640,0,0,-237,0
dd 0,320,4400,16,640,0,0,-239,0
dd 0,320,4400,16,640,0,0,-241,0
dd 0,320,4400,16,640,0,0,-243,0
dd 0,320,4400,16,640,0,0,-246,0
dd 0,320,4400,16,640,0,0,-248,0
dd 0,320,4400,16,640,0,0,-250,0
dd 0,320,4400,16,640,0,0,-252,0
dd 0,320,4400,16,640,0,0,-254,0
dd 0,320,4400,16,640,0,0,-256,0
dd 0,320,4400,16,640,0,0,-258,0
dd 0,320,4400,16,640,0,0,-260,0
dd 0,320,4400,16,640,0,0,-263,0
dd 0,320,4400,16,640,0,0,-265,0
dd 0,320,4400,16,640,0,0,-267,0
dd 0,320,4400,16,640,0,0,-269,0
dd 0,320,4400,16,640,0,0,-271,0
dd 0,320,4400,16,640,0,0,-273,0
dd 0,320,4400,16,640,0,0,-275,0
dd 0,320,4400,16,640,0,0,-278,0
dd 0,320,4400,16,640,0,0,-280,0
dd 0,320,4400,16,640,0,0,-282,0
dd 0,320,4400,16,640,0,0,-284,0
dd 0,320,4400,16,640,0,0,-286,0
dd 0,320,4400,16,640,0,0,-289,0
dd 0,320,4400,16,640,0,0,-291,0
dd 0,320,4400,16,640,0,0,-293,0
dd 0,320,4400,16,640,0,0,-295,0
dd 0,320,4400,16,640,0,0,-297,0
dd 0,320,4400,16,640,0,0,-300,0
dd 0,320,4400,16,640,0,0,-302,0
dd 0,320,4400,16,640,0,0,-304,0
dd 0,320,4400,16,640,0,0,-304,0
dd 0,320,4400,16,640,0,0,-306,0
dd 0,320,4400,16,640,0,0,-307,0
dd 0,320,4400,16,640,0,0,-309,0
dd 0,320,4400,16,640,0,0,-310,0
dd 0,320,4400,16,640,0,0,-312,0
dd 0,320,4400,16,640,0,0,-314,0
dd 0,320,4400,16,640,0,0,-316,0
dd 0,320,4400,16,640,0,0,-317,0
dd 0,320,4400,16,640,0,0,-319,0
dd 0,320,4400,16,640,0,0,-321,0
dd 0,320,4400,16,640,0,0,-322,0
dd 0,320,4400,16,640,0,0,-324,0
dd 0,320,4400,16,640,0,0,-326,0
dd 0,320,4400,16,640,0,0,-328,0
dd 0,320,4400,16,640,0,0,-330,0
dd 0,320,4400,16,640,0,0,-331,0
dd 0,320,4400,16,640,0,0,-333,0
dd 0,320,4400,16,640,0,0,-335,0
dd 0,320,4400,16,640,0,0,-337,0
dd 0,320,4400,16,640,0,0,-339,0
dd 0,320,4400,16,640,0,0,-341,0
dd 0,320,4400,16,640,0,0,-343,0
dd 0,320,4400,16,640,0,0,-344,0
dd 0,320,4400,16,640,0,0,-346,0
dd 0,320,4400,16,640,0,0,-348,0
dd 0,320,4400,16,640,0,0,-350,0
dd 0,320,4400,16,640,0,0,-352,0
dd 0,320,4400,16,640,0,0,-354,0
dd 0,320,4400,16,640,0,0,-356,0
dd 0,320,4400,16,640,0,0,-358,0
dd 0,320,4400,16,640,0,0,-360,0
dd 0,320,4400,16,640,0,0,-362,0
dd 0,320,4400,16,640,-1,0,-364,0
dd 0,320,4400,16,640,-1,0,-366,0
dd 0,320,4400,16,640,-1,0,-368,0
dd 0,320,4400,16,640,-1,0,-370,0
dd 0,320,4400,16,640,-1,0,-372,0
dd 0,320,4400,16,640,-1,0,-374,0
dd 0,320,4400,16,640,-1,0,-377,0
dd 0,320,4400,16,640,-1,0,-379,0
dd 0,320,4400,16,640,-1,0,-381,0
dd 0,320,4400,16,640,-1,0,-383,0
dd 0,320,4400,16,640,-1,0,-385,0
dd 0,320,4400,17,640,-1,0,-387,0
dd 0,320,4400,17,640,-1,0,-389,0
dd 0,320,4400,17,640,-1,0,-391,0
dd 0,320,4400,17,640,-2,0,-393,0
dd 0,320,4400,17,639,-2,0,-396,0
dd 0,320,4400,17,639,-2,0,-398,0
dd 0,320,4400,17,639,-2,0,-400,0
dd 0,320,4400,17,639,-2,0,-402,0
dd 0,320,4400,17,639,-2,0,-404,0
dd 0,320,4400,17,639,-2,0,-406,0
dd 0,320,4400,17,639,-2,0,-409,0
dd 0,320,4400,17,639,-3,0,-411,0
dd 0,320,4400,17,639,-3,0,-413,0
dd 0,320,4400,17,639,-3,0,-415,0
dd 0,320,4400,17,639,-3,0,-417,0
dd 0,320,4400,17,639,-3,0,-420,0
dd 0,320,4400,17,639,-3,0,-422,0
dd 0,320,4400,17,639,-3,0,-424,0
dd 0,320,4400,17,639,-4,0,-426,0
dd 0,320,4400,18,639,-4,0,-428,0
dd 0,320,4400,18,639,-4,0,-431,0
dd 0,320,4400,18,639,-4,0,-433,0
dd 0,320,4400,18,639,-4,0,-435,0
dd 0,320,4400,18,639,-5,0,-437,0
dd 0,320,4400,18,638,-5,0,-440,0
dd 0,320,4400,18,638,-5,0,-442,0
dd 0,320,4400,18,638,-5,0,-444,0
dd 0,320,4400,18,638,-5,0,-446,0
dd 0,320,4400,18,638,-6,0,-449,0
dd 0,320,4400,18,638,-6,0,-451,0
dd 0,320,4400,18,638,-6,0,-453,0
dd 0,320,4400,19,638,-6,0,-455,0
dd 0,320,4400,19,638,-7,0,-458,0
dd 0,320,4400,19,638,-7,0,-460,0
dd 0,320,4400,19,638,-7,0,-462,0
dd 0,320,4400,19,638,-7,0,-464,0
dd 0,320,4400,19,638,-8,0,-467,0
dd 0,320,4400,19,637,-8,0,-469,0
dd 0,320,4400,19,637,-8,0,-471,0
dd 0,320,4400,20,637,-9,0,-473,0
dd 0,320,4400,20,637,-9,0,-476,0
dd 0,320,4400,20,637,-9,0,-478,0
dd 0,320,4400,20,637,-10,0,-480,0
dd 0,320,4400,20,637,-10,0,-482,0
dd 0,320,4400,20,637,-10,0,-485,0
dd 0,320,4400,20,637,-11,0,-487,0
dd 0,320,4400,20,637,-11,0,-489,0
dd 0,320,4400,21,636,-11,0,-491,0
dd 0,320,4400,21,636,-12,0,-494,0
dd 0,320,4400,21,636,-12,0,-496,0
dd 0,320,4400,21,636,-12,0,-498,0
dd 0,320,4400,21,636,-13,0,-500,0
dd 0,320,4400,21,636,-13,0,-503,0
dd 0,320,4400,22,636,-14,0,-505,0
dd 0,320,4400,22,635,-14,0,-507,0
dd 0,320,4400,22,635,-15,0,-509,0
dd 0,320,4400,22,635,-15,0,-512,0
dd 0,320,4400,22,635,-16,0,-514,0
dd 0,320,4400,23,635,-16,0,-516,0
dd 0,320,4400,23,635,-16,0,-518,0
dd 0,320,4400,23,635,-17,0,-520,0
dd 0,320,4400,23,634,-17,0,-523,0
dd 0,320,4400,23,634,-18,0,-525,0
dd 0,320,4400,24,634,-18,0,-527,0
dd 0,320,4400,24,634,-19,0,-529,0
dd 0,320,4400,24,634,-19,0,-531,0
dd 0,320,4400,24,634,-20,0,-533,0
dd 0,320,4400,24,633,-21,0,-536,0
dd 0,320,4400,25,633,-21,0,-538,0
dd 0,320,4400,25,633,-22,0,-540,0
dd 0,320,4400,25,633,-22,0,-542,0
dd 0,320,4400,25,633,-23,0,-544,0
dd 0,320,4400,26,633,-23,0,-546,0
dd 0,320,4400,26,632,-24,0,-548,0
dd 0,320,4400,26,632,-25,0,-551,0
dd 0,320,4400,26,632,-25,0,-553,0
dd 0,320,4400,27,632,-26,0,-555,0
dd 0,320,4400,27,632,-27,0,-557,0
dd 0,320,4400,27,631,-27,0,-559,0
dd 0,320,4400,27,631,-28,0,-561,0
dd 0,320,4400,28,631,-29,0,-563,0
dd 0,320,4400,28,631,-29,0,-565,0
dd 0,320,4400,28,630,-30,0,-567,0
dd 0,320,4400,29,630,-31,0,-569,0
dd 0,320,4400,29,630,-32,0,-571,0
dd 0,320,4400,29,630,-32,0,-573,0
dd 0,320,4400,30,629,-33,0,-575,0
dd 0,320,4400,30,629,-34,0,-577,0
dd 0,320,4400,30,629,-35,0,-579,0
dd 0,320,4400,30,629,-35,0,-581,0
dd 0,320,4400,31,628,-36,0,-583,0
dd 0,320,4400,31,628,-37,0,-585,0
dd 0,320,4400,31,628,-38,0,-587,0
dd 0,320,4400,32,628,-39,0,-589,0
dd 0,320,4400,32,627,-40,0,-591,0
dd 0,320,4400,33,627,-40,0,-593,0
dd 0,320,4400,33,627,-41,0,-595,0
dd 0,320,4400,33,627,-42,0,-597,0
dd 0,320,4400,34,626,-43,0,-598,0
dd 0,320,4400,34,626,-44,0,-600,0
dd 0,320,4400,34,626,-45,0,-602,0
dd 0,320,4400,35,625,-46,0,-604,0
dd 0,320,4400,35,625,-47,0,-606,0
dd 0,320,4400,36,625,-48,0,-607,0
dd 0,320,4400,36,624,-49,0,-609,0
dd 0,320,4400,36,624,-50,0,-611,0
dd 0,320,4400,37,624,-51,0,-613,0
dd 0,320,4400,37,624,-52,0,-615,0
dd 0,320,4400,38,623,-53,0,-616,0
dd 0,320,4400,38,623,-54,0,-618,0
dd 0,320,4400,38,623,-55,0,-620,0
dd 0,320,4400,39,622,-56,0,-621,0
dd 0,320,4400,39,622,-57,0,-623,0
dd 0,320,4400,40,621,-58,0,-625,0
dd 0,320,4400,40,621,-59,0,-626,0
dd 0,320,4400,41,621,-60,0,-628,0
dd 0,320,4400,41,620,-62,0,-629,0
dd 0,320,4400,42,620,-63,0,-631,0
dd 0,320,4400,42,620,-64,0,-633,0
dd 0,320,4400,43,619,-65,0,-634,0
dd 0,320,4400,43,619,-66,0,-636,0
dd 0,320,4400,44,618,-68,0,-637,0
dd 0,320,4400,44,618,-69,0,-639,0
dd 0,320,4400,45,618,-70,0,-640,0
dd 0,320,4400,45,617,-71,0,-642,0
dd 0,320,4400,46,617,-73,0,-643,0
dd 0,320,4400,46,616,-74,0,-645,0
dd 0,320,4400,47,616,-75,0,-646,0
dd 0,320,4400,47,616,-77,0,-647,0
dd 0,320,4400,48,615,-78,0,-649,0
dd 0,320,4400,48,615,-79,0,-650,0
dd 0,320,4400,49,614,-81,0,-651,0
dd 0,320,4400,50,614,-82,0,-653,0
dd 0,320,4400,50,613,-83,0,-654,0
dd 0,320,4400,51,613,-85,0,-655,0
dd 0,320,4400,51,613,-86,0,-656,0
dd 0,320,4400,52,612,-88,0,-658,0
dd 0,320,4400,52,612,-89,0,-659,0
dd 0,320,4400,53,611,-91,0,-660,0
dd 0,320,4400,54,611,-92,0,-661,0
dd 0,320,4400,54,610,-94,0,-662,0
dd 0,320,4400,55,610,-95,0,-663,0
dd 0,320,4400,56,609,-97,0,-665,0
dd 0,320,4400,56,609,-98,0,-666,0
dd 0,320,4400,57,608,-100,0,-667,0
dd 0,320,4400,58,608,-102,0,-668,0
dd 0,320,4400,58,607,-103,0,-669,0
dd 0,320,4400,59,607,-105,0,-670,0
dd 0,320,4400,60,606,-106,0,-671,0
dd 0,320,4400,60,606,-108,0,-672,0
dd 0,320,4400,61,605,-110,0,-673,0
dd 0,320,4400,62,605,-112,0,-673,0
dd 0,320,4400,62,604,-113,0,-674,0
dd 0,320,4400,63,603,-115,0,-675,0
dd 0,320,4400,64,603,-117,0,-676,0
dd 0,320,4400,65,602,-119,0,-677,0
dd 0,320,4400,65,602,-120,0,-677,0
dd 0,320,4400,66,601,-122,0,-678,0
dd 0,320,4400,67,601,-124,0,-679,0
dd 0,320,4400,67,600,-126,0,-680,0
dd 0,320,4400,68,599,-128,0,-680,0
dd 0,320,4400,69,599,-130,0,-681,0
dd 0,320,4400,70,598,-132,0,-682,0
dd 0,320,4400,71,598,-133,0,-682,0
dd 0,320,4400,71,597,-135,0,-683,0
dd 0,320,4400,72,596,-137,0,-683,0
dd 0,320,4400,73,596,-139,0,-684,0
dd 0,320,4400,74,595,-141,0,-684,0
dd 0,320,4400,75,594,-143,0,-685,0
dd 0,320,4400,75,594,-145,0,-685,0
dd 0,320,4400,76,593,-147,0,-685,0
dd 0,320,4400,77,592,-150,0,-686,0
dd 0,320,4400,78,592,-152,0,-686,0
dd 0,320,4400,79,591,-154,0,-686,0
dd 0,320,4400,80,590,-156,0,-687,0
dd 0,320,4400,81,590,-158,0,-687,0
dd 0,320,4400,82,589,-160,0,-687,0
dd 0,320,4400,82,588,-162,0,-687,0
dd 0,320,4400,83,588,-165,0,-688,0
dd 0,320,4400,84,587,-167,0,-688,0
dd 0,320,4400,85,586,-169,0,-688,0
dd 0,320,4400,86,585,-171,0,-688,0
dd 0,320,4400,87,585,-174,0,-688,0
dd 0,320,4400,88,584,-176,0,-688,0
dd 0,320,4400,88,584,-176,0,-688,0
dd 0,320,4400,88,582,-176,0,-688,0
dd 0,320,4400,88,580,-176,0,-688,0
dd 0,320,4400,88,578,-176,0,-688,0
dd 0,320,4400,88,576,-176,0,-688,0
dd 0,320,4400,88,574,-176,0,-688,0
dd 0,320,4400,88,571,-176,0,-688,0
dd 0,320,4400,88,569,-176,0,-688,0
dd 0,320,4400,88,567,-176,0,-688,0
dd 0,320,4400,88,565,-176,0,-688,0
dd 0,320,4400,88,563,-176,0,-688,0
dd 0,320,4400,88,561,-176,0,-688,0
dd 0,320,4400,88,559,-176,0,-688,0
dd 0,320,4400,88,557,-176,0,-688,0
dd 0,320,4400,88,555,-176,0,-688,0
dd 0,320,4400,88,553,-176,0,-688,0
dd 0,320,4400,88,551,-176,0,-688,0
dd 0,320,4400,88,549,-175,0,-688,0
dd 0,320,4400,88,547,-175,0,-688,0
dd 0,320,4400,88,545,-175,0,-688,0
dd 0,320,4400,88,543,-175,0,-688,0
dd 0,320,4400,88,541,-175,0,-688,0
dd 0,320,4400,88,539,-174,0,-688,0
dd 0,320,4400,88,537,-174,0,-688,0
dd 0,320,4400,88,535,-174,0,-688,0
dd 0,320,4400,88,534,-174,0,-688,0
dd 0,320,4400,88,532,-173,0,-688,0
dd 0,320,4400,88,530,-173,0,-688,0
dd 0,320,4400,88,528,-173,0,-688,0
dd 0,320,4399,88,526,-172,0,-688,0
dd 0,320,4399,88,524,-172,0,-688,0
dd 0,320,4399,88,522,-172,0,-688,0
dd 0,320,4399,88,520,-171,0,-688,0
dd 0,320,4399,88,518,-171,0,-688,0
dd 0,320,4399,88,517,-170,0,-688,0
dd 0,320,4399,88,515,-170,0,-688,0
dd 0,320,4399,88,513,-170,0,-688,0
dd 0,320,4399,88,511,-169,0,-688,0
dd 0,320,4399,88,509,-169,0,-688,0
dd 0,320,4399,88,507,-168,0,-688,0
dd 0,320,4399,88,506,-168,0,-688,0
dd 0,320,4398,88,504,-167,0,-688,0
dd 0,320,4398,88,502,-167,0,-688,0
dd 0,320,4398,88,500,-166,0,-688,0
dd 0,320,4398,88,498,-166,0,-688,0
dd 0,320,4398,88,497,-165,0,-688,0
dd 0,320,4398,88,495,-165,0,-688,0
dd 0,320,4398,88,493,-164,0,-688,0
dd 0,320,4398,88,491,-163,0,-688,0
dd 0,320,4397,88,490,-163,0,-688,0
dd 0,320,4397,88,488,-162,0,-688,0
dd 0,320,4397,88,486,-161,0,-688,0
dd 0,320,4397,88,485,-161,0,-688,0
dd 0,320,4397,88,483,-160,0,-688,0
dd 0,320,4397,88,481,-160,0,-688,0
dd 0,320,4396,88,479,-159,0,-688,0
dd 0,320,4396,88,478,-158,0,-688,0
dd 0,320,4396,88,476,-157,0,-688,0
dd 0,320,4396,88,474,-157,0,-688,0
dd 0,320,4396,88,473,-156,0,-688,0
dd 0,320,4395,88,471,-155,0,-688,0
dd 0,320,4395,88,469,-155,0,-688,0
dd 0,320,4395,88,468,-154,0,-688,0
dd 0,320,4395,88,466,-153,0,-688,0
dd 0,320,4394,88,465,-152,0,-688,0
dd 0,320,4394,88,463,-151,0,-688,0
dd 0,320,4394,88,461,-151,0,-688,0
dd 0,320,4393,88,460,-150,0,-688,0
dd 0,320,4393,88,458,-149,0,-688,0
dd 0,320,4393,88,457,-148,0,-688,0
dd 0,320,4392,88,455,-147,0,-688,0
dd 0,320,4392,88,454,-146,0,-688,0
dd 0,320,4392,89,452,-146,0,-688,0
dd 0,320,4391,89,451,-145,0,-688,0
dd 0,320,4391,89,449,-144,0,-688,0
dd 0,320,4391,89,448,-143,0,-688,0
dd 0,320,4390,89,446,-142,0,-688,0
dd 0,320,4390,89,445,-141,0,-688,0
dd 0,320,4390,89,443,-140,0,-688,0
dd 0,320,4389,89,442,-139,0,-688,0
dd 0,320,4389,89,440,-138,0,-688,0
dd 0,320,4388,89,439,-137,0,-688,0
dd 0,320,4388,89,437,-136,0,-688,0
dd 0,320,4387,89,436,-135,0,-688,0
dd 0,320,4387,89,434,-134,0,-688,0
dd 0,320,4387,89,433,-133,0,-688,0
dd 0,320,4386,89,431,-132,0,-688,0
dd 0,320,4386,89,430,-131,0,-688,0
dd 0,320,4385,89,429,-130,0,-688,0
dd 0,320,4385,89,427,-129,0,-688,0
dd 0,320,4384,89,426,-128,0,-688,0
dd 0,320,4384,89,424,-127,0,-688,0
dd 0,320,4383,89,423,-126,0,-688,0
dd 0,320,4382,89,422,-125,0,-688,0
dd 0,320,4382,89,420,-124,0,-688,0
dd 0,320,4381,89,419,-123,0,-688,0
dd 0,320,4381,89,418,-122,0,-688,0
dd 0,320,4380,89,416,-120,0,-688,0
dd 0,320,4379,89,415,-119,0,-688,0
dd 0,320,4379,89,414,-118,0,-688,0
dd 0,320,4378,89,413,-117,0,-688,0
dd 0,320,4377,89,411,-116,0,-688,0
dd 0,320,4377,89,410,-115,0,-688,0
dd 0,320,4376,89,409,-114,0,-688,0
dd 0,320,4375,90,407,-112,0,-688,0
dd 0,320,4375,90,406,-111,0,-688,0
dd 0,320,4374,90,405,-110,0,-688,0
dd 0,320,4373,90,404,-109,0,-688,0
dd 0,320,4372,90,403,-108,0,-688,0
dd 0,320,4372,90,401,-107,0,-688,0
dd 0,320,4371,90,400,-105,0,-688,0
dd 0,320,4370,90,399,-104,0,-688,0
dd 0,320,4369,90,398,-103,0,-688,0
dd 0,320,4368,90,397,-102,0,-688,0
dd 0,320,4368,90,395,-100,0,-688,0
dd 0,320,4367,90,394,-99,0,-688,0
dd 0,320,4366,90,393,-98,0,-688,0
dd 0,320,4365,90,392,-97,0,-688,0
dd 0,320,4364,90,391,-95,0,-688,0
dd 0,320,4363,90,390,-94,0,-688,0
dd 0,320,4362,90,389,-93,0,-688,0
dd 0,320,4361,90,388,-91,0,-688,0
dd 0,320,4360,90,386,-90,0,-688,0
dd 0,320,4359,91,385,-89,0,-688,0
dd 0,320,4358,91,384,-88,0,-688,0
dd 0,320,4357,91,383,-86,0,-688,0
dd 0,320,4356,91,382,-85,0,-688,0
dd 0,320,4355,91,381,-84,0,-688,0
dd 0,320,4354,91,380,-82,0,-688,0
dd 0,320,4353,91,379,-81,0,-688,0
dd 0,320,4352,91,378,-80,0,-688,0
dd 0,320,4351,91,377,-78,0,-688,0
dd 0,320,4350,91,376,-77,0,-688,0
dd 0,320,4349,91,375,-76,0,-688,0
dd 0,320,4347,91,374,-74,0,-688,0
dd 0,320,4346,91,373,-73,0,-688,0
dd 0,320,4345,91,372,-71,0,-688,0
dd 0,320,4344,92,371,-70,0,-688,0
dd 0,320,4342,92,370,-69,0,-688,0
dd 0,320,4341,92,369,-67,0,-688,0
dd 0,320,4340,92,369,-66,0,-688,0
dd 0,320,4339,92,368,-64,0,-688,0
dd 0,320,4337,92,367,-63,0,-688,0
dd 0,320,4336,92,366,-62,0,-688,0
dd 0,320,4335,92,365,-60,0,-688,0
dd 0,320,4333,92,364,-59,0,-688,0
dd 0,320,4332,92,363,-57,0,-688,0
dd 0,320,4330,92,362,-56,0,-688,0
dd 0,320,4329,92,362,-55,0,-688,0
dd 0,320,4328,93,361,-53,0,-688,0
dd 0,320,4326,93,360,-52,0,-688,0
dd 0,320,4325,93,359,-50,0,-688,0
dd 0,320,4323,93,358,-49,0,-688,0
dd 0,320,4322,93,357,-47,0,-688,0
dd 0,320,4320,93,357,-46,0,-688,0
dd 0,320,4319,93,356,-44,0,-688,0
dd 0,320,4317,93,355,-43,0,-688,0
dd 0,320,4315,93,354,-42,0,-688,0
dd 0,320,4314,93,354,-40,0,-688,0
dd 0,320,4312,93,353,-39,0,-688,0
dd 0,320,4310,94,352,-37,0,-688,0
dd 0,320,4309,94,352,-36,0,-688,0
dd 0,320,4307,94,351,-34,0,-688,0
dd 0,320,4305,94,350,-33,0,-688,0
dd 0,320,4303,94,349,-31,0,-688,0
dd 0,320,4302,94,349,-30,0,-688,0
dd 0,320,4300,94,348,-28,0,-688,0
dd 0,320,4298,94,348,-27,0,-688,0
dd 0,320,4296,94,347,-25,0,-688,0
dd 0,320,4294,95,346,-24,0,-688,0
dd 0,320,4292,95,346,-22,0,-688,0
dd 0,320,4291,95,345,-21,0,-688,0
dd 0,320,4289,95,344,-19,0,-688,0
dd 0,320,4287,95,344,-18,0,-688,0
dd 0,320,4285,95,343,-16,0,-688,0
dd 0,320,4283,95,343,-15,0,-688,0
dd 0,320,4281,95,342,-13,0,-688,0
dd 0,320,4279,96,342,-12,0,-688,0
dd 0,320,4277,96,341,-10,0,-688,0
dd 0,320,4274,96,341,-9,0,-688,0
dd 0,320,4272,96,340,-7,0,-688,0
dd 0,320,4270,96,340,-6,0,-688,0
dd 0,320,4268,96,339,-4,0,-688,0
dd 0,320,4266,96,339,-3,0,-688,0
dd 0,320,4264,97,338,-1,0,-688,0
dd 0,320,4261,97,338,0,0,-688,0
dd 0,320,4259,97,337,2,0,-688,0
dd 0,320,4257,97,337,3,0,-688,0
dd 0,320,4255,97,336,5,0,-688,0
dd 0,320,4252,97,336,7,0,-688,0
dd 0,320,4250,97,336,8,0,-688,0
dd 0,320,4248,98,335,10,0,-688,0
dd 0,320,4245,98,335,11,0,-688,0
dd 0,320,4243,98,334,13,0,-688,0
dd 0,320,4240,98,334,14,0,-688,0
dd 0,320,4238,98,334,16,0,-688,0
dd 0,320,4235,98,333,17,0,-688,0
dd 0,320,4233,98,333,19,0,-688,0
dd 0,320,4230,99,333,20,0,-688,0
dd 0,320,4228,99,332,22,0,-688,0
dd 0,320,4225,99,332,23,0,-688,0
dd 0,320,4222,99,332,25,0,-688,0
dd 0,320,4220,99,331,26,0,-688,0
dd 0,320,4217,99,331,28,0,-688,0
dd 0,320,4214,100,331,29,0,-688,0
dd 0,320,4211,100,331,31,0,-688,0
dd 0,320,4209,100,330,32,0,-688,0
dd 0,320,4206,100,330,34,0,-688,0
dd 0,320,4203,100,330,35,0,-688,0
dd 0,320,4200,100,330,37,0,-688,0
dd 0,320,4197,101,330,39,0,-688,0
dd 0,320,4194,101,329,40,0,-688,0
dd 0,320,4191,101,329,42,0,-688,0
dd 0,320,4189,101,329,43,0,-688,0
dd 0,320,4186,101,329,45,0,-688,0
dd 0,320,4182,102,329,46,0,-688,0
dd 0,320,4179,102,329,48,0,-688,0
dd 0,320,4176,102,329,49,0,-688,0
dd 0,320,4173,102,328,51,0,-688,0
dd 0,320,4170,102,328,52,0,-688,0
dd 0,320,4167,103,328,54,0,-688,0
dd 0,320,4164,103,328,55,0,-688,0
dd 0,320,4161,103,328,57,0,-688,0
dd 0,320,4157,103,328,58,0,-688,0
dd 0,320,4154,103,328,60,0,-688,0
dd 0,320,4151,104,328,61,0,-688,0
dd 0,320,4147,104,328,63,0,-688,0
dd 0,320,4144,104,328,64,0,-688,0
dd 0,320,4144,104,328,64,0,-688,0
dd 0,320,4144,103,328,64,0,-688,0
dd 0,320,4144,102,328,64,0,-688,0
dd 0,320,4144,101,328,64,0,-688,0
dd 0,320,4144,100,328,64,0,-688,0
dd 0,320,4144,99,328,64,0,-688,0
dd 0,320,4144,98,328,64,0,-688,0
dd 0,320,4144,97,328,64,0,-688,0
dd 0,320,4144,96,328,64,0,-688,0
dd -1,320,4144,95,327,64,0,-688,0
dd -1,320,4144,94,327,64,0,-688,0
dd -1,320,4144,93,327,64,0,-688,0
dd -1,320,4144,92,327,64,0,-688,0
dd -1,320,4144,91,327,64,0,-688,0
dd -1,320,4144,90,327,64,0,-688,0
dd -2,320,4144,89,327,64,0,-688,0
dd -2,320,4144,88,326,64,0,-688,0
dd -2,320,4144,87,326,64,0,-688,0
dd -2,320,4144,86,326,64,0,-688,0
dd -3,320,4144,86,326,64,0,-688,0
dd -3,320,4144,85,325,64,0,-688,0
dd -3,320,4144,84,325,63,0,-688,0
dd -3,320,4144,83,325,63,0,-688,0
dd -4,320,4144,82,325,63,0,-688,0
dd -4,320,4144,81,324,63,0,-688,0
dd -4,320,4144,80,324,63,0,-688,0
dd -5,320,4144,80,324,63,0,-688,0
dd -5,320,4144,79,323,63,0,-688,0
dd -5,320,4144,78,323,63,0,-688,0
dd -6,320,4144,77,323,63,0,-688,0
dd -6,320,4144,76,322,63,0,-688,0
dd -7,320,4144,75,322,63,0,-688,0
dd -7,320,4144,75,321,63,0,-688,0
dd -7,320,4144,74,321,63,0,-688,0
dd -8,320,4144,73,321,62,0,-688,0
dd -8,320,4144,72,320,62,0,-688,0
dd -9,320,4144,72,320,62,0,-688,0
dd -9,320,4144,71,319,62,0,-688,0
dd -10,320,4144,70,319,62,0,-688,0
dd -10,320,4144,69,318,62,0,-688,0
dd -11,320,4144,69,318,62,0,-688,0
dd -11,320,4144,68,317,62,0,-688,0
dd -12,320,4144,67,317,61,0,-688,0
dd -12,320,4144,67,316,61,0,-688,0
dd -13,320,4144,66,316,61,0,-688,0
dd -13,320,4144,65,315,61,0,-688,0
dd -14,320,4144,65,315,61,0,-688,0
dd -14,320,4144,64,314,61,0,-688,0
dd -15,320,4144,63,313,60,0,-688,0
dd -15,320,4144,63,313,60,0,-688,0
dd -16,320,4144,62,312,60,0,-688,0
dd -16,320,4144,61,312,60,0,-688,0
dd -17,320,4144,61,311,60,0,-688,0
dd -18,320,4144,60,310,60,0,-688,0
dd -18,320,4144,59,310,59,0,-688,0
dd -19,320,4144,59,309,59,0,-688,0
dd -20,320,4144,58,308,59,0,-688,0
dd -20,320,4144,58,308,59,0,-688,0
dd -21,320,4144,57,307,58,0,-688,0
dd -21,320,4144,56,306,58,0,-688,0
dd -22,320,4144,56,305,58,0,-688,0
dd -23,320,4144,55,305,58,0,-688,0
dd -23,320,4144,55,304,57,0,-688,0
dd -24,320,4144,54,303,57,0,-688,0
dd -25,320,4144,54,302,57,0,-688,0
dd -25,320,4144,53,302,57,0,-688,0
dd -26,320,4144,53,301,56,0,-688,0
dd -27,320,4144,52,300,56,0,-688,0
dd -28,320,4144,51,299,56,0,-688,0
dd -28,320,4144,51,298,56,0,-688,0
dd -29,320,4144,50,297,55,0,-688,0
dd -30,320,4144,50,297,55,0,-688,0
dd -30,320,4144,49,296,55,0,-688,0
dd -31,320,4144,49,295,54,0,-688,0
dd -32,320,4144,48,294,54,0,-688,0
dd -33,320,4144,48,293,54,0,-688,0
dd -33,320,4144,48,292,53,0,-688,0
dd -34,320,4144,47,291,53,0,-688,0
dd -35,320,4144,47,290,52,0,-688,0
dd -36,320,4144,46,289,52,0,-688,0
dd -36,320,4144,46,288,52,0,-688,0
dd -37,320,4144,45,287,51,0,-688,0
dd -38,320,4144,45,286,51,0,-688,0
dd -39,320,4144,44,285,51,0,-688,0
dd -40,320,4144,44,284,50,0,-688,0
dd -40,320,4144,44,283,50,0,-688,0
dd -41,320,4144,43,282,49,0,-688,0
dd -42,320,4144,43,281,49,0,-688,0
dd -43,320,4144,42,280,48,0,-688,0
dd -44,320,4144,42,279,48,0,-688,0
dd -44,320,4144,42,278,47,0,-688,0
dd -45,320,4144,41,277,47,0,-688,0
dd -46,320,4144,41,276,47,0,-688,0
dd -47,320,4144,40,275,46,0,-688,0
dd -48,320,4144,40,274,46,0,-688,0
dd -48,320,4144,40,273,45,0,-688,0
dd -49,320,4144,39,272,45,0,-688,0
dd -50,320,4144,39,270,44,0,-688,0
dd -51,320,4144,39,269,43,0,-688,0
dd -52,320,4144,38,268,43,0,-688,0
dd -53,320,4144,38,267,42,0,-688,0
dd -53,320,4144,38,266,42,0,-688,0
dd -54,320,4144,37,265,41,0,-688,0
dd -55,320,4144,37,263,41,0,-688,0
dd -56,320,4144,37,262,40,0,-688,0
dd -57,320,4144,36,261,39,0,-688,0
dd -58,320,4144,36,260,39,0,-688,0
dd -59,320,4144,36,258,38,0,-688,0
dd -59,320,4144,36,257,38,0,-688,0
dd -60,320,4144,35,256,37,0,-688,0
dd -61,320,4144,35,255,36,0,-688,0
dd -62,320,4144,35,253,36,0,-688,0
dd -63,320,4144,34,252,35,0,-688,0
dd -64,320,4144,34,251,34,0,-688,0
dd -64,320,4144,34,249,34,0,-688,0
dd -65,320,4144,34,248,33,0,-688,0
dd -66,320,4144,33,247,32,0,-688,0
dd -67,320,4144,33,245,32,0,-688,0
dd -68,320,4144,33,244,31,0,-688,0
dd -69,320,4144,33,243,30,0,-688,0
dd -69,320,4144,32,241,29,0,-688,0
dd -70,320,4144,32,240,29,0,-688,0
dd -71,320,4144,32,238,28,0,-688,0
dd -72,320,4144,32,237,27,0,-688,0
dd -73,320,4144,31,236,26,0,-688,0
dd -74,320,4144,31,234,25,0,-688,0
dd -75,320,4144,31,233,25,0,-688,0
dd -75,320,4144,31,231,24,0,-688,0
dd -76,320,4144,31,230,23,0,-688,0
dd -77,320,4144,30,228,22,0,-688,0
dd -78,320,4144,30,227,21,0,-688,0
dd -79,320,4144,30,225,20,0,-688,0
dd -80,320,4144,30,224,19,0,-688,0
dd -80,320,4144,30,222,19,0,-688,0
dd -81,320,4144,30,221,18,0,-688,0
dd -82,320,4144,29,219,17,0,-688,0
dd -83,320,4144,29,218,16,0,-688,0
dd -84,320,4144,29,216,15,0,-688,0
dd -84,320,4144,29,215,14,0,-688,0
dd -85,320,4144,29,213,13,0,-688,0
dd -86,320,4144,29,211,12,0,-688,0
dd -87,320,4144,28,210,11,0,-688,0
dd -88,320,4144,28,208,10,0,-688,0
dd -88,320,4144,28,207,9,0,-688,0
dd -89,320,4144,28,205,8,0,-688,0
dd -90,320,4144,28,203,7,0,-688,0
dd -91,320,4144,28,202,6,0,-688,0
dd -92,320,4144,28,200,5,0,-688,0
dd -92,320,4144,27,198,4,0,-688,0
dd -93,320,4144,27,197,3,0,-688,0
dd -94,320,4144,27,195,1,0,-688,0
dd -95,320,4144,27,193,0,0,-688,0
dd -95,320,4144,27,192,-1,0,-688,0
dd -96,320,4144,27,190,-2,0,-688,0
dd -97,320,4144,27,188,-3,0,-688,0
dd -98,320,4144,27,187,-4,0,-688,0
dd -98,320,4144,26,185,-5,0,-688,0
dd -99,320,4144,26,183,-7,0,-688,0
dd -100,320,4144,26,181,-8,0,-688,0
dd -100,320,4144,26,180,-9,0,-688,0
dd -101,320,4144,26,178,-10,0,-688,0
dd -102,320,4144,26,176,-12,0,-688,0
dd -103,320,4144,26,174,-13,0,-688,0
dd -103,320,4144,26,173,-14,0,-688,0
dd -104,320,4144,26,171,-15,0,-688,0
dd -105,320,4144,26,169,-17,0,-688,0
dd -105,320,4144,26,167,-18,0,-688,0
dd -106,320,4144,25,165,-19,0,-688,0
dd -107,320,4144,25,163,-21,0,-688,0
dd -107,320,4144,25,162,-22,0,-688,0
dd -108,320,4144,25,160,-23,0,-688,0
dd -108,320,4144,25,158,-25,0,-688,0
dd -109,320,4144,25,156,-26,0,-688,0
dd -110,320,4144,25,154,-28,0,-688,0
dd -110,320,4144,25,152,-29,0,-688,0
dd -111,320,4144,25,150,-31,0,-688,0
dd -112,320,4144,25,148,-32,0,-688,0
dd -112,320,4144,25,146,-33,0,-688,0
dd -113,320,4144,25,145,-35,0,-688,0
dd -113,320,4144,25,143,-36,0,-688,0
dd -114,320,4144,25,141,-38,0,-688,0
dd -114,320,4144,25,139,-40,0,-688,0
dd -115,320,4144,25,137,-41,0,-688,0
dd -115,320,4144,25,135,-43,0,-688,0
dd -116,320,4144,25,133,-44,0,-688,0
dd -116,320,4144,25,131,-46,0,-688,0
dd -117,320,4144,24,129,-47,0,-688,0
dd -117,320,4144,24,127,-49,0,-688,0
dd -118,320,4144,24,125,-51,0,-688,0
dd -118,320,4144,24,123,-52,0,-688,0
dd -119,320,4144,24,121,-54,0,-688,0
dd -119,320,4144,24,119,-56,0,-688,0
dd -120,320,4144,24,117,-57,0,-688,0
dd -120,320,4144,24,115,-59,0,-688,0
dd -121,320,4144,24,113,-61,0,-688,0
dd -121,320,4144,24,110,-63,0,-688,0
dd -121,320,4144,24,108,-64,0,-688,0
dd -122,320,4144,24,106,-66,0,-688,0
dd -122,320,4144,24,104,-68,0,-688,0
dd -123,320,4144,24,102,-70,0,-688,0
dd -123,320,4144,24,100,-72,0,-688,0
dd -123,320,4144,24,98,-74,0,-688,0
dd -124,320,4144,24,96,-75,0,-688,0
dd -124,320,4144,24,94,-77,0,-688,0
dd -124,320,4144,24,91,-79,0,-688,0
dd -125,320,4144,24,89,-81,0,-688,0
dd -125,320,4144,24,87,-83,0,-688,0
dd -125,320,4144,24,85,-85,0,-688,0
dd -125,320,4144,24,83,-87,0,-688,0
dd -126,320,4144,24,81,-89,0,-688,0
dd -126,320,4144,24,78,-91,0,-688,0
dd -126,320,4144,24,76,-93,0,-688,0
dd -126,320,4144,24,74,-95,0,-688,0
dd -127,320,4144,24,72,-97,0,-688,0
dd -127,320,4144,24,70,-99,0,-688,0
dd -127,320,4144,24,67,-101,0,-688,0
dd -127,320,4144,24,65,-104,0,-688,0
dd -127,320,4144,24,63,-106,0,-688,0
dd -127,320,4144,24,61,-108,0,-688,0
dd -128,320,4144,24,58,-110,0,-688,0
dd -128,320,4144,24,56,-112,0,-688,0
dd -128,320,4144,24,54,-114,0,-688,0
dd -128,320,4144,24,52,-117,0,-688,0
dd -128,320,4144,24,49,-119,0,-688,0
dd -128,320,4144,24,47,-121,0,-688,0
dd -128,320,4144,24,45,-123,0,-688,0
dd -128,320,4144,24,42,-126,0,-688,0
dd -128,320,4144,24,40,-128,0,-688,0
dd -128,320,4144,24,40,-128,0,-688,0
dd -128,320,4142,24,37,-130,0,-688,0
dd -128,320,4141,24,34,-132,0,-688,0
dd -128,320,4139,24,31,-135,0,-688,0
dd -128,320,4137,24,28,-137,0,-688,0
dd -128,320,4136,24,25,-139,0,-688,0
dd -128,320,4134,24,22,-141,0,-688,0
dd -128,320,4132,24,19,-143,0,-688,0
dd -128,320,4131,24,16,-145,0,-688,0
dd -128,320,4129,24,14,-147,0,-688,0
dd -128,320,4127,24,11,-150,0,-688,0
dd -128,320,4126,24,8,-152,0,-688,0
dd -128,320,4124,24,5,-154,0,-688,0
dd -128,320,4123,24,3,-156,0,-688,0
dd -128,320,4121,24,0,-158,0,-688,0
dd -128,320,4119,24,-3,-160,0,-688,0
dd -128,320,4118,24,-5,-162,0,-688,0
dd -128,320,4116,24,-8,-164,0,-688,0
dd -128,320,4115,24,-10,-166,0,-688,0
dd -128,320,4113,24,-13,-168,0,-688,0
dd -128,320,4112,24,-15,-170,0,-688,0
dd -128,320,4110,24,-18,-172,0,-688,0
dd -128,320,4109,24,-20,-174,0,-688,0
dd -128,320,4107,24,-23,-176,0,-688,0
dd -128,320,4105,24,-25,-177,0,-688,0
dd -128,320,4104,24,-28,-179,0,-688,0
dd -128,320,4102,24,-30,-181,0,-688,0
dd -128,320,4101,24,-32,-183,0,-688,0
dd -128,320,4099,24,-35,-185,0,-688,0
dd -128,320,4098,24,-37,-187,0,-688,0
dd -128,320,4096,24,-39,-188,0,-688,0
dd -128,320,4095,24,-41,-190,0,-688,0
dd -128,320,4094,24,-44,-192,0,-688,0
dd -128,320,4092,24,-46,-194,0,-688,0
dd -128,320,4091,24,-48,-196,0,-688,0
dd -128,320,4089,24,-50,-197,0,-688,0
dd -128,320,4088,24,-52,-199,0,-688,0
dd -128,320,4086,24,-54,-201,0,-688,0
dd -128,320,4085,24,-56,-202,0,-688,0
dd -128,320,4083,24,-58,-204,0,-688,0
dd -128,320,4082,24,-60,-206,0,-688,0
dd -128,320,4081,24,-62,-207,0,-688,0
dd -128,320,4079,24,-64,-209,0,-688,0
dd -128,320,4078,24,-66,-211,0,-688,0
dd -128,320,4076,24,-68,-212,0,-688,0
dd -128,320,4075,24,-70,-214,0,-688,0
dd -128,320,4074,24,-72,-215,0,-688,0
dd -128,320,4072,24,-74,-217,0,-688,0
dd -128,320,4071,24,-76,-218,0,-688,0
dd -128,320,4069,24,-78,-220,0,-688,0
dd -128,320,4068,24,-79,-222,0,-688,0
dd -128,320,4067,24,-81,-223,0,-688,0
dd -128,320,4065,24,-83,-224,0,-688,0
dd -128,320,4064,24,-85,-226,0,-688,0
dd -128,320,4063,24,-86,-227,0,-688,0
dd -128,320,4061,24,-88,-229,0,-688,0
dd -128,320,4060,24,-90,-230,0,-688,0
dd -128,320,4059,24,-92,-232,0,-688,0
dd -128,320,4057,24,-93,-233,0,-688,0
dd -128,320,4056,24,-95,-234,0,-688,0
dd -128,320,4055,24,-96,-236,0,-688,0
dd -128,320,4053,24,-98,-237,0,-688,0
dd -128,320,4052,24,-100,-238,0,-688,0
dd -128,320,4051,24,-101,-240,0,-688,0
dd -128,320,4050,24,-103,-241,0,-688,0
dd -128,320,4048,24,-104,-242,0,-688,0
dd -128,320,4047,24,-106,-243,0,-688,0
dd -128,320,4046,24,-107,-245,0,-688,0
dd -128,320,4044,24,-109,-246,0,-688,0
dd -128,320,4043,24,-110,-247,0,-688,0
dd -128,320,4042,24,-112,-248,0,-688,0
dd -128,320,4041,24,-113,-249,0,-688,0
dd -128,320,4039,24,-115,-250,0,-688,0
dd -128,320,4038,24,-116,-252,0,-688,0
dd -128,320,4037,24,-117,-253,0,-688,0
dd -128,320,4036,24,-119,-254,0,-688,0
dd -128,320,4035,24,-120,-255,0,-688,0
dd -128,320,4033,24,-122,-256,0,-688,0
dd -128,320,4032,24,-123,-257,0,-688,0
dd -128,320,4031,24,-124,-258,0,-688,0
dd -128,320,4030,24,-125,-259,0,-688,0
dd -128,320,4029,24,-127,-260,0,-688,0
dd -128,320,4027,24,-128,-261,0,-688,0
dd -128,320,4026,24,-129,-262,0,-688,0
dd -128,320,4025,24,-131,-263,0,-688,0
dd -128,320,4024,24,-132,-264,0,-688,0
dd -128,320,4023,24,-133,-265,0,-688,0
dd -128,320,4021,24,-134,-266,0,-688,0
dd -128,320,4020,24,-135,-266,0,-688,0
dd -128,320,4019,24,-137,-267,0,-688,0
dd -128,320,4018,24,-138,-268,0,-688,0
dd -128,320,4017,24,-139,-269,0,-688,0
dd -128,320,4016,24,-140,-270,0,-688,0
dd -128,320,4015,24,-141,-270,0,-688,0
dd -128,320,4013,24,-143,-271,0,-688,0
dd -128,320,4012,24,-144,-272,0,-688,0
dd -128,320,4011,24,-145,-273,0,-688,0
dd -128,320,4010,24,-146,-273,0,-688,0
dd -128,320,4009,24,-147,-274,0,-688,0
dd -128,320,4008,24,-148,-275,0,-688,0
dd -128,320,4007,24,-149,-275,0,-688,0
dd -128,320,4006,24,-150,-276,0,-688,0
dd -128,320,4004,24,-151,-276,0,-688,0
dd -128,320,4003,24,-152,-277,0,-688,0
dd -128,320,4002,24,-153,-278,0,-688,0
dd -128,320,4001,24,-154,-278,0,-688,0
dd -128,320,4000,24,-155,-279,0,-688,0
dd -128,320,3999,24,-157,-279,0,-688,0
dd -128,320,3998,24,-158,-280,0,-688,0
dd -128,320,3997,24,-159,-280,0,-688,0
dd -128,320,3996,24,-160,-281,0,-688,0
dd -128,320,3995,24,-161,-281,0,-688,0
dd -128,320,3994,24,-162,-281,0,-688,0
dd -128,320,3993,24,-163,-282,0,-688,0
dd -128,320,3991,24,-163,-282,0,-688,0
dd -128,320,3990,24,-164,-283,0,-688,0
dd -128,320,3989,24,-165,-283,0,-688,0
dd -128,320,3988,24,-166,-283,0,-688,0
dd -128,320,3987,24,-167,-283,0,-688,0
dd -128,320,3986,24,-168,-284,0,-688,0
dd -128,320,3985,24,-169,-284,0,-688,0
dd -128,320,3984,24,-170,-284,0,-688,0
dd -128,320,3983,24,-171,-284,0,-688,0
dd -128,320,3982,24,-172,-285,0,-688,0
dd -128,320,3981,24,-173,-285,0,-688,0
dd -128,320,3980,24,-174,-285,0,-688,0
dd -128,320,3979,24,-175,-285,0,-688,0
dd -128,320,3978,24,-176,-285,0,-688,0
dd -128,320,3977,24,-177,-285,0,-688,0
dd -128,320,3976,24,-178,-285,0,-688,0
dd -128,320,3975,24,-178,-285,0,-688,0
dd -128,320,3974,24,-179,-285,0,-688,0
dd -128,320,3973,24,-180,-285,0,-688,0
dd -128,320,3972,24,-181,-285,0,-688,0
dd -128,320,3971,24,-182,-285,0,-688,0
dd -128,320,3970,24,-183,-285,0,-688,0
dd -128,320,3969,24,-184,-285,0,-688,0
dd -128,320,3968,24,-185,-285,0,-688,0
dd -128,320,3967,24,-186,-285,0,-688,0
dd -128,320,3966,24,-187,-285,0,-688,0
dd -128,320,3965,24,-187,-285,0,-688,0
dd -128,320,3964,24,-188,-285,0,-688,0
dd -128,320,3963,24,-189,-284,0,-688,0
dd -128,320,3962,24,-190,-284,0,-688,0
dd -128,320,3961,24,-191,-284,0,-688,0
dd -128,320,3960,24,-192,-284,0,-688,0
dd -128,320,3959,24,-193,-283,0,-688,0
dd -128,320,3958,24,-194,-283,0,-688,0
dd -128,320,3958,24,-195,-283,0,-688,0
dd -128,320,3957,24,-196,-282,0,-688,0
dd -128,320,3956,24,-196,-282,0,-688,0
dd -128,320,3955,24,-197,-282,0,-688,0
dd -128,320,3954,24,-198,-281,0,-688,0
dd -128,320,3953,24,-199,-281,0,-688,0
dd -128,320,3952,24,-200,-280,0,-688,0
dd -128,320,3951,24,-201,-280,0,-688,0
dd -128,320,3950,24,-202,-279,0,-688,0
dd -128,320,3949,24,-203,-279,0,-688,0
dd -128,320,3948,24,-204,-278,0,-688,0
dd -128,320,3947,24,-205,-278,0,-688,0
dd -128,320,3946,24,-206,-277,0,-688,0
dd -128,320,3945,24,-207,-276,0,-688,0
dd -128,320,3944,24,-207,-276,0,-688,0
dd -128,320,3944,24,-208,-275,0,-688,0
dd -128,320,3943,24,-209,-275,0,-688,0
dd -128,320,3942,24,-210,-274,0,-688,0
dd -128,320,3941,24,-211,-273,0,-688,0
dd -128,320,3940,24,-212,-272,0,-688,0
dd -128,320,3939,24,-213,-272,0,-688,0
dd -128,320,3938,24,-214,-271,0,-688,0
dd -128,320,3937,24,-215,-270,0,-688,0
dd -128,320,3936,24,-216,-269,0,-688,0
dd -128,320,3935,24,-217,-268,0,-688,0
dd -128,320,3935,24,-218,-267,0,-688,0
dd -128,320,3934,24,-219,-266,0,-688,0
dd -128,320,3933,24,-220,-266,0,-688,0
dd -128,320,3932,24,-221,-265,0,-688,0
dd -128,320,3931,24,-222,-264,0,-688,0
dd -128,320,3930,24,-223,-263,0,-688,0
dd -128,320,3929,24,-224,-262,0,-688,0
dd -128,320,3928,24,-225,-261,0,-688,0
dd -128,320,3927,24,-226,-259,0,-688,0
dd -128,320,3927,24,-227,-258,0,-688,0
dd -128,320,3926,24,-229,-257,0,-688,0
dd -128,320,3925,24,-230,-256,0,-688,0
dd -128,320,3924,24,-231,-255,0,-688,0
dd -128,320,3923,24,-232,-254,0,-688,0
dd -128,320,3922,24,-233,-253,0,-688,0
dd -128,320,3921,24,-234,-251,0,-688,0
dd -128,320,3920,24,-235,-250,0,-688,0
dd -128,320,3920,24,-236,-249,0,-688,0
dd -128,320,3919,24,-237,-247,0,-688,0
dd -128,320,3918,24,-239,-246,0,-688,0
dd -128,320,3917,24,-240,-245,0,-688,0
dd -128,320,3916,24,-241,-243,0,-688,0
dd -128,320,3915,24,-242,-242,0,-688,0
dd -128,320,3914,24,-243,-241,0,-688,0
dd -128,320,3914,24,-245,-239,0,-688,0
dd -128,320,3913,24,-246,-238,0,-688,0
dd -128,320,3912,24,-247,-236,0,-688,0
dd -128,320,3911,24,-248,-235,0,-688,0
dd -128,320,3910,24,-250,-233,0,-688,0
dd -128,320,3909,24,-251,-232,0,-688,0
dd -128,320,3908,24,-252,-230,0,-688,0
dd -128,320,3908,24,-254,-228,0,-688,0
dd -128,320,3907,24,-255,-227,0,-688,0
dd -128,320,3906,24,-256,-225,0,-688,0
dd -128,320,3905,24,-258,-223,0,-688,0
dd -128,320,3904,24,-259,-222,0,-688,0
dd -128,320,3903,24,-260,-220,0,-688,0
dd -128,320,3902,24,-262,-218,0,-688,0
dd -128,320,3902,24,-263,-216,0,-688,0
dd -128,320,3901,24,-265,-214,0,-688,0
dd -128,320,3900,24,-266,-213,0,-688,0
dd -128,320,3899,24,-268,-211,0,-688,0
dd -128,320,3898,24,-269,-209,0,-688,0
dd -128,320,3897,24,-270,-207,0,-688,0
dd -128,320,3896,24,-272,-205,0,-688,0
dd -128,320,3896,24,-274,-203,0,-688,0
dd -128,320,3895,24,-275,-201,0,-688,0
dd -128,320,3894,24,-277,-199,0,-688,0
dd -128,320,3893,24,-278,-197,0,-688,0
dd -128,320,3892,24,-280,-195,0,-688,0
dd -128,320,3891,24,-281,-193,0,-688,0
dd -128,320,3891,24,-283,-191,0,-688,0
dd -128,320,3890,24,-285,-188,0,-688,0
dd -128,320,3889,24,-286,-186,0,-688,0
dd -128,320,3888,24,-288,-184,0,-688,0
dd -128,320,3888,24,-288,-184,0,-688,0
dd -128,320,3888,24,-285,-183,0,-688,0
dd -128,320,3888,24,-283,-183,0,-688,0
dd -128,320,3888,24,-280,-182,0,-688,0
dd -128,320,3888,24,-278,-181,0,-688,0
dd -128,320,3888,24,-275,-180,0,-688,0
dd -128,320,3888,24,-273,-179,0,-688,0
dd -128,320,3888,24,-271,-179,0,-688,0
dd -128,320,3888,24,-268,-178,0,-688,0
dd -128,320,3888,24,-266,-177,0,-688,0
dd -128,320,3888,24,-263,-176,0,-688,0
dd -128,320,3888,24,-261,-175,0,-688,0
dd -128,320,3888,24,-258,-175,0,-688,0
dd -128,320,3888,24,-256,-174,0,-688,0
dd -128,320,3888,24,-254,-173,0,-688,0
dd -128,320,3888,24,-251,-172,0,-688,0
dd -128,320,3888,24,-249,-171,0,-688,0
dd -128,320,3888,24,-247,-170,0,-688,0
dd -128,320,3888,24,-244,-170,0,-688,0
dd -128,320,3888,24,-242,-169,0,-688,0
dd -128,320,3888,24,-240,-168,0,-688,0
dd -128,320,3888,24,-237,-167,0,-688,0
dd -128,320,3888,24,-235,-166,0,-688,0
dd -128,320,3888,24,-233,-165,0,-688,0
dd -128,320,3888,24,-231,-164,0,-688,0
dd -128,320,3888,24,-228,-163,0,-688,0
dd -128,320,3888,24,-226,-163,0,-688,0
dd -128,320,3888,24,-224,-162,0,-688,0
dd -128,320,3888,24,-222,-161,0,-688,0
dd -127,320,3888,24,-220,-160,0,-688,0
dd -127,320,3888,24,-218,-159,0,-688,0
dd -127,320,3888,24,-215,-158,0,-688,0
dd -127,320,3888,24,-213,-157,0,-688,0
dd -127,320,3888,24,-211,-156,0,-688,0
dd -127,320,3888,24,-209,-155,0,-688,0
dd -127,320,3888,24,-207,-154,0,-688,0
dd -127,320,3888,24,-205,-153,0,-688,0
dd -127,320,3888,24,-203,-152,0,-688,0
dd -127,320,3888,24,-201,-151,0,-688,0
dd -127,320,3888,24,-199,-150,0,-688,0
dd -127,320,3888,24,-197,-149,0,-688,0
dd -126,320,3888,24,-195,-148,0,-688,0
dd -126,320,3888,24,-193,-148,0,-688,0
dd -126,320,3888,24,-191,-147,0,-688,0
dd -126,320,3888,24,-189,-146,0,-688,0
dd -126,320,3888,24,-187,-145,0,-688,0
dd -126,320,3888,24,-185,-144,0,-688,0
dd -126,320,3888,24,-183,-143,0,-688,0
dd -126,320,3888,24,-181,-142,0,-688,0
dd -125,320,3888,24,-179,-141,0,-688,0
dd -125,320,3888,24,-177,-140,0,-688,0
dd -125,320,3888,24,-175,-139,0,-688,0
dd -125,320,3888,24,-173,-138,0,-688,0
dd -125,320,3888,24,-172,-137,0,-688,0
dd -125,320,3888,24,-170,-136,0,-688,0
dd -124,320,3888,24,-168,-135,0,-688,0
dd -124,320,3888,24,-166,-134,0,-688,0
dd -124,320,3888,24,-164,-133,0,-688,0
dd -124,320,3888,24,-163,-132,0,-688,0
dd -124,320,3888,24,-161,-131,0,-688,0
dd -123,320,3888,24,-159,-130,0,-688,0
dd -123,320,3888,24,-157,-129,0,-688,0
dd -123,320,3888,24,-156,-128,0,-688,0
dd -123,320,3888,24,-154,-127,0,-688,0
dd -122,320,3888,24,-152,-125,0,-688,0
dd -122,320,3888,24,-151,-124,0,-688,0
dd -122,320,3888,24,-149,-123,0,-688,0
dd -121,320,3888,24,-147,-122,0,-688,0
dd -121,320,3888,24,-146,-121,0,-688,0
dd -121,320,3888,24,-144,-120,0,-688,0
dd -120,320,3888,24,-143,-119,0,-688,0
dd -120,320,3888,24,-141,-118,0,-688,0
dd -120,320,3888,24,-140,-117,0,-688,0
dd -119,320,3888,24,-138,-116,0,-688,0
dd -119,320,3888,24,-136,-115,0,-688,0
dd -119,320,3888,24,-135,-114,0,-688,0
dd -118,320,3888,24,-133,-113,0,-688,0
dd -118,320,3888,24,-132,-112,0,-688,0
dd -118,320,3888,24,-130,-111,0,-688,0
dd -117,320,3888,24,-129,-110,0,-688,0
dd -117,320,3888,24,-128,-109,0,-688,0
dd -116,320,3888,24,-126,-108,0,-688,0
dd -116,320,3888,24,-125,-107,0,-688,0
dd -115,320,3888,24,-123,-106,0,-688,0
dd -115,320,3888,24,-122,-105,0,-688,0
dd -115,320,3888,24,-121,-104,0,-688,0
dd -114,320,3888,24,-119,-103,0,-688,0
dd -114,320,3888,24,-118,-102,0,-688,0
dd -113,320,3888,24,-117,-101,0,-688,0
dd -113,320,3888,24,-115,-100,0,-688,0
dd -112,320,3888,24,-114,-99,0,-688,0
dd -112,320,3888,24,-113,-98,0,-688,0
dd -111,320,3888,24,-112,-97,0,-688,0
dd -110,320,3888,24,-110,-96,0,-688,0
dd -110,320,3888,24,-109,-95,0,-688,0
dd -109,320,3888,24,-108,-94,0,-688,0
dd -109,320,3888,24,-107,-93,0,-688,0
dd -108,320,3888,24,-106,-92,0,-688,0
dd -107,320,3888,24,-105,-90,0,-688,0
dd -107,320,3888,24,-103,-89,0,-688,0
dd -106,320,3888,24,-102,-88,0,-688,0
dd -105,320,3888,24,-101,-87,0,-688,0
dd -105,320,3888,24,-100,-86,0,-688,0
dd -104,320,3888,24,-99,-85,0,-688,0
dd -103,320,3888,24,-98,-84,0,-688,0
dd -103,320,3888,24,-97,-83,0,-688,0
dd -102,320,3888,24,-96,-82,0,-688,0
dd -101,320,3888,24,-95,-81,0,-688,0
dd -100,320,3888,24,-94,-80,0,-688,0
dd -100,320,3888,24,-93,-79,0,-688,0
dd -99,320,3888,24,-92,-78,0,-688,0
dd -98,320,3888,24,-91,-77,0,-688,0
dd -97,320,3888,24,-90,-76,0,-688,0
dd -96,320,3888,24,-89,-75,0,-688,0
dd -96,320,3888,24,-89,-75,0,-688,0
dd -95,320,3888,24,-88,-74,0,-688,0
dd -94,320,3888,24,-87,-73,0,-688,0
dd -93,320,3888,24,-86,-72,0,-688,0
dd -92,320,3888,24,-85,-71,0,-688,0
dd -91,320,3888,24,-84,-70,0,-688,0
dd -90,320,3888,24,-84,-69,0,-688,0
dd -89,320,3888,24,-83,-68,0,-688,0
dd -88,320,3888,24,-82,-67,0,-688,0
dd -87,320,3888,24,-81,-66,0,-688,0
dd -86,320,3888,24,-81,-65,0,-688,0
dd -85,320,3888,24,-80,-64,0,-688,0
dd -84,320,3888,24,-79,-63,0,-688,0
dd -83,320,3888,24,-79,-62,0,-688,0
dd -82,320,3888,24,-78,-61,0,-688,0
dd -81,320,3888,24,-78,-60,0,-688,0
dd -80,320,3888,24,-77,-59,0,-688,0
dd -79,320,3888,24,-76,-58,0,-688,0
dd -78,320,3888,24,-76,-58,0,-688,0
dd -77,320,3888,24,-75,-57,0,-688,0
dd -75,320,3888,24,-75,-56,0,-688,0
dd -74,320,3888,24,-74,-55,0,-688,0
dd -73,320,3888,24,-74,-54,0,-688,0
dd -72,320,3888,24,-73,-53,0,-688,0
dd -70,320,3888,24,-73,-52,0,-688,0
dd -69,320,3888,24,-72,-51,0,-688,0
dd -68,320,3888,24,-72,-51,0,-688,0
dd -67,320,3888,24,-72,-50,0,-688,0
dd -65,320,3888,24,-71,-49,0,-688,0
dd -64,320,3888,24,-71,-48,0,-688,0
dd -63,320,3888,24,-71,-47,0,-688,0
dd -61,320,3888,24,-70,-46,0,-688,0
dd -60,320,3888,24,-70,-45,0,-688,0
dd -58,320,3888,24,-70,-45,0,-688,0
dd -57,320,3888,24,-69,-44,0,-688,0
dd -56,320,3888,24,-69,-43,0,-688,0
dd -54,320,3888,24,-69,-42,0,-688,0
dd -53,320,3888,24,-69,-41,0,-688,0
dd -51,320,3888,24,-69,-41,0,-688,0
dd -50,320,3888,24,-68,-40,0,-688,0
dd -48,320,3888,24,-68,-39,0,-688,0
dd -47,320,3888,24,-68,-38,0,-688,0
dd -45,320,3888,24,-68,-38,0,-688,0
dd -43,320,3888,24,-68,-37,0,-688,0
dd -42,320,3888,24,-68,-36,0,-688,0
dd -40,320,3888,24,-68,-35,0,-688,0
dd -38,320,3888,24,-68,-35,0,-688,0
dd -37,320,3888,24,-68,-34,0,-688,0
dd -35,320,3888,24,-68,-33,0,-688,0
dd -33,320,3888,24,-68,-32,0,-688,0
dd -31,320,3888,24,-68,-32,0,-688,0
dd -30,320,3888,24,-68,-31,0,-688,0
dd -28,320,3888,24,-68,-30,0,-688,0
dd -26,320,3888,24,-68,-30,0,-688,0
dd -24,320,3888,24,-68,-29,0,-688,0
dd -22,320,3888,24,-68,-28,0,-688,0
dd -20,320,3888,24,-69,-28,0,-688,0
dd -19,320,3888,24,-69,-27,0,-688,0
dd -17,320,3888,24,-69,-27,0,-688,0
dd -15,320,3888,24,-69,-26,0,-688,0
dd -13,320,3888,24,-69,-25,0,-688,0
dd -11,320,3888,24,-70,-25,0,-688,0
dd -9,320,3888,24,-70,-24,0,-688,0
dd -7,320,3888,24,-70,-23,0,-688,0
dd -5,320,3888,24,-71,-23,0,-688,0
dd -2,320,3888,24,-71,-22,0,-688,0
dd 0,320,3888,24,-71,-22,0,-688,0
dd 2,320,3888,24,-72,-21,0,-688,0
dd 4,320,3888,24,-72,-21,0,-688,0
dd 6,320,3888,24,-73,-20,0,-688,0
dd 8,320,3888,24,-73,-20,0,-688,0
dd 11,320,3888,24,-73,-19,0,-688,0
dd 13,320,3888,24,-74,-19,0,-688,0
dd 15,320,3888,24,-74,-18,0,-688,0
dd 17,320,3888,24,-75,-18,0,-688,0
dd 20,320,3888,24,-75,-17,0,-688,0
dd 22,320,3888,24,-76,-17,0,-688,0
dd 24,320,3888,24,-77,-16,0,-688,0
dd 27,320,3888,24,-77,-16,0,-688,0
dd 29,320,3888,24,-78,-15,0,-688,0
dd 32,320,3888,24,-79,-15,0,-688,0
dd 34,320,3888,24,-79,-15,0,-688,0
dd 37,320,3888,24,-80,-14,0,-688,0
dd 39,320,3888,24,-81,-14,0,-688,0
dd 42,320,3888,24,-81,-13,0,-688,0
dd 44,320,3888,24,-82,-13,0,-688,0
dd 47,320,3888,24,-83,-13,0,-688,0
dd 50,320,3888,24,-84,-12,0,-688,0
dd 52,320,3888,24,-85,-12,0,-688,0
dd 55,320,3888,24,-85,-12,0,-688,0
dd 58,320,3888,24,-86,-12,0,-688,0
dd 61,320,3888,24,-87,-11,0,-688,0
dd 63,320,3888,24,-88,-11,0,-688,0
dd 66,320,3888,24,-89,-11,0,-688,0
dd 69,320,3888,24,-90,-10,0,-688,0
dd 72,320,3888,24,-91,-10,0,-688,0
dd 75,320,3888,24,-92,-10,0,-688,0
dd 78,320,3888,24,-93,-10,0,-688,0
dd 81,320,3888,24,-94,-10,0,-688,0
dd 83,320,3888,24,-95,-9,0,-688,0
dd 86,320,3888,24,-96,-9,0,-688,0
dd 90,320,3888,24,-97,-9,0,-688,0
dd 93,320,3888,24,-98,-9,0,-688,0
dd 96,320,3888,24,-99,-9,0,-688,0
dd 99,320,3888,24,-101,-9,0,-688,0
dd 102,320,3888,24,-102,-8,0,-688,0
dd 105,320,3888,24,-103,-8,0,-688,0
dd 108,320,3888,24,-104,-8,0,-688,0
dd 111,320,3888,24,-105,-8,0,-688,0
dd 115,320,3888,24,-107,-8,0,-688,0
dd 118,320,3888,24,-108,-8,0,-688,0
dd 121,320,3888,24,-109,-8,0,-688,0
dd 125,320,3888,24,-111,-8,0,-688,0
dd 128,320,3888,24,-112,-8,0,-688,0
dd 128,320,3888,24,-112,-8,0,-688,0
dd 128,320,3888,24,-115,-10,0,-688,0
dd 128,320,3888,24,-117,-12,0,-688,0
dd 128,320,3888,24,-120,-14,0,-688,0
dd 128,320,3888,24,-123,-16,0,-688,0
dd 128,320,3888,24,-125,-18,0,-688,0
dd 128,320,3888,24,-128,-20,0,-688,0
dd 128,320,3888,24,-131,-22,0,-688,0
dd 128,320,3888,24,-133,-24,0,-688,0
dd 128,320,3888,24,-136,-26,0,-688,0
dd 128,320,3888,24,-139,-28,0,-688,0
dd 128,320,3888,24,-141,-30,0,-688,0
dd 128,320,3888,24,-144,-31,0,-688,0
dd 128,320,3888,24,-146,-33,0,-688,0
dd 128,320,3888,24,-149,-35,0,-688,0
dd 128,320,3888,24,-152,-37,0,-688,0
dd 128,320,3888,24,-154,-39,0,-688,0
dd 128,320,3888,24,-157,-41,0,-688,0
dd 128,320,3888,24,-160,-43,0,-688,0
dd 128,320,3888,24,-162,-45,0,-688,0
dd 128,320,3888,24,-165,-46,0,-688,0
dd 128,320,3889,24,-168,-48,0,-688,0
dd 128,320,3889,24,-170,-50,0,-688,0
dd 128,320,3889,24,-173,-52,0,-688,0
dd 128,320,3889,24,-176,-54,0,-688,0
dd 128,320,3889,24,-178,-55,0,-688,0
dd 128,320,3889,24,-181,-57,0,-688,0
dd 128,320,3889,24,-184,-59,0,-688,0
dd 128,320,3889,24,-186,-61,0,-688,0
dd 128,320,3889,24,-189,-62,0,-688,0
dd 128,320,3890,24,-192,-64,0,-688,0
dd 128,320,3890,24,-194,-66,0,-688,0
dd 128,320,3890,24,-197,-68,0,-688,0
dd 128,320,3890,24,-200,-69,0,-688,0
dd 128,320,3890,24,-202,-71,0,-688,0
dd 128,320,3891,24,-205,-73,0,-688,0
dd 128,320,3891,24,-208,-74,0,-688,0
dd 128,320,3891,24,-210,-76,0,-688,0
dd 128,320,3891,24,-213,-78,0,-688,0
dd 128,320,3892,24,-216,-79,0,-688,0
dd 128,320,3892,24,-218,-81,0,-688,0
dd 128,320,3892,24,-221,-82,0,-688,0
dd 128,320,3892,24,-224,-84,0,-688,0
dd 128,320,3893,24,-226,-86,0,-688,0
dd 128,320,3893,24,-229,-87,0,-688,0
dd 128,320,3893,24,-232,-89,0,-688,0
dd 128,320,3894,24,-234,-90,0,-688,0
dd 128,320,3894,24,-237,-92,0,-688,0
dd 128,320,3895,24,-239,-93,0,-688,0
dd 128,320,3895,24,-242,-95,0,-688,0
dd 128,320,3896,24,-245,-96,0,-688,0
dd 128,320,3896,24,-247,-98,0,-688,0
dd 128,320,3896,24,-250,-99,0,-688,0
dd 128,320,3897,24,-253,-101,0,-688,0
dd 128,320,3897,24,-255,-102,0,-688,0
dd 128,320,3898,24,-258,-104,0,-688,0
dd 128,320,3899,24,-260,-105,0,-688,0
dd 128,320,3899,24,-263,-106,0,-688,0
dd 128,320,3900,24,-266,-108,0,-688,0
dd 128,320,3900,24,-268,-109,0,-688,0
dd 128,320,3901,24,-271,-110,0,-688,0
dd 128,320,3902,24,-273,-112,0,-688,0
dd 128,320,3902,24,-276,-113,0,-688,0
dd 128,320,3903,24,-279,-114,0,-688,0
dd 128,320,3904,24,-281,-116,0,-688,0
dd 128,320,3905,24,-284,-117,0,-688,0
dd 128,320,3905,24,-286,-118,0,-688,0
dd 128,320,3906,24,-289,-120,0,-688,0
dd 128,320,3907,24,-292,-121,0,-688,0
dd 128,320,3908,24,-294,-122,0,-688,0
dd 128,320,3909,24,-297,-123,0,-688,0
dd 128,320,3910,24,-299,-125,0,-688,0
dd 128,320,3910,24,-302,-126,0,-688,0
dd 128,320,3911,24,-304,-127,0,-688,0
dd 128,320,3912,24,-307,-128,0,-688,0
dd 128,320,3913,24,-309,-129,0,-688,0
dd 128,320,3914,24,-312,-130,0,-688,0
dd 128,320,3915,24,-314,-132,0,-688,0
dd 128,320,3917,24,-317,-133,0,-688,0
dd 128,320,3918,24,-320,-134,0,-688,0
dd 128,320,3919,24,-322,-135,0,-688,0
dd 128,320,3920,24,-325,-136,0,-688,0
dd 128,320,3921,24,-327,-137,0,-688,0
dd 128,320,3922,24,-330,-138,0,-688,0
dd 128,320,3924,24,-332,-139,0,-688,0
dd 128,320,3925,24,-335,-140,0,-688,0
dd 128,320,3926,24,-337,-141,0,-688,0
dd 128,320,3928,24,-340,-142,0,-688,0
dd 128,320,3929,24,-342,-143,0,-688,0
dd 128,320,3930,24,-344,-144,0,-688,0
dd 128,320,3932,24,-347,-145,0,-688,0
dd 128,320,3933,24,-349,-146,0,-688,0
dd 128,320,3935,24,-352,-147,0,-688,0
dd 128,320,3936,24,-354,-148,0,-688,0
dd 128,320,3938,24,-357,-148,0,-688,0
dd 128,320,3940,24,-359,-149,0,-688,0
dd 128,320,3941,24,-362,-150,0,-688,0
dd 128,320,3943,24,-364,-151,0,-688,0
dd 128,320,3945,24,-366,-152,0,-688,0
dd 128,320,3946,24,-369,-153,0,-688,0
dd 128,320,3948,24,-371,-153,0,-688,0
dd 128,320,3950,24,-374,-154,0,-688,0
dd 128,320,3952,24,-376,-155,0,-688,0
dd 128,320,3954,24,-378,-155,0,-688,0
dd 128,320,3956,24,-381,-156,0,-688,0
dd 128,320,3958,24,-383,-157,0,-688,0
dd 128,320,3960,24,-386,-158,0,-688,0
dd 128,320,3962,24,-388,-158,0,-688,0
dd 128,320,3964,24,-390,-159,0,-688,0
dd 128,320,3966,24,-393,-159,0,-688,0
dd 128,320,3968,24,-395,-160,0,-688,0
dd 128,320,3970,24,-397,-161,0,-688,0
dd 128,320,3973,24,-400,-161,0,-688,0
dd 128,320,3975,24,-402,-162,0,-688,0
dd 128,320,3977,24,-404,-162,0,-688,0
dd 128,320,3980,24,-406,-163,0,-688,0
dd 128,320,3982,24,-409,-163,0,-688,0
dd 128,320,3984,24,-411,-164,0,-688,0
dd 128,320,3987,24,-413,-164,0,-688,0
dd 128,320,3989,24,-416,-165,0,-688,0
dd 128,320,3992,24,-418,-165,0,-688,0
dd 128,320,3995,24,-420,-165,0,-688,0
dd 128,320,3997,24,-422,-166,0,-688,0
dd 128,320,4000,24,-424,-166,0,-688,0
dd 128,320,4003,24,-427,-167,0,-688,0
dd 128,320,4006,24,-429,-167,0,-688,0
dd 128,320,4008,24,-431,-167,0,-688,0
dd 128,320,4011,24,-433,-167,0,-688,0
dd 128,320,4014,24,-435,-168,0,-688,0
dd 128,320,4017,24,-438,-168,0,-688,0
dd 128,320,4020,24,-440,-168,0,-688,0
dd 128,320,4023,24,-442,-168,0,-688,0
dd 128,320,4026,24,-444,-169,0,-688,0
dd 128,320,4030,24,-446,-169,0,-688,0
dd 128,320,4033,24,-448,-169,0,-688,0
dd 128,320,4036,24,-450,-169,0,-688,0
dd 128,320,4039,24,-453,-169,0,-688,0
dd 128,320,4043,24,-455,-169,0,-688,0
dd 128,320,4046,24,-457,-169,0,-688,0
dd 128,320,4050,24,-459,-169,0,-688,0
dd 128,320,4053,24,-461,-170,0,-688,0
dd 128,320,4057,24,-463,-170,0,-688,0
dd 128,320,4060,24,-465,-170,0,-688,0
dd 128,320,4064,24,-467,-170,0,-688,0
dd 128,320,4068,24,-469,-170,0,-688,0
dd 128,320,4071,24,-471,-169,0,-688,0
dd 128,320,4075,24,-473,-169,0,-688,0
dd 128,320,4079,24,-475,-169,0,-688,0
dd 128,320,4083,24,-477,-169,0,-688,0
dd 128,320,4087,24,-479,-169,0,-688,0
dd 128,320,4091,24,-481,-169,0,-688,0
dd 128,320,4095,24,-483,-169,0,-688,0
dd 128,320,4099,24,-485,-168,0,-688,0
dd 128,320,4104,24,-487,-168,0,-688,0
dd 128,320,4108,24,-489,-168,0,-688,0
dd 128,320,4112,24,-491,-168,0,-688,0
dd 128,320,4116,24,-492,-167,0,-688,0
dd 128,320,4121,24,-494,-167,0,-688,0
dd 128,320,4125,24,-496,-167,0,-688,0
dd 128,320,4130,24,-498,-166,0,-688,0
dd 128,320,4135,24,-500,-166,0,-688,0
dd 128,320,4139,24,-502,-166,0,-688,0
dd 128,320,4144,24,-504,-165,0,-688,0
dd 128,320,4149,24,-505,-165,0,-688,0
dd 128,320,4153,24,-507,-164,0,-688,0
dd 128,320,4158,24,-509,-164,0,-688,0
dd 128,320,4163,24,-511,-163,0,-688,0
dd 128,320,4168,24,-512,-163,0,-688,0
dd 128,320,4173,24,-514,-162,0,-688,0
dd 128,320,4179,24,-516,-162,0,-688,0
dd 128,320,4184,24,-518,-161,0,-688,0
dd 128,320,4189,24,-519,-161,0,-688,0
dd 128,320,4194,24,-521,-160,0,-688,0
dd 128,320,4200,24,-523,-159,0,-688,0
dd 128,320,4205,24,-524,-159,0,-688,0
dd 128,320,4211,24,-526,-158,0,-688,0
dd 128,320,4216,24,-528,-157,0,-688,0
dd 128,320,4222,24,-529,-156,0,-688,0
dd 128,320,4227,24,-531,-156,0,-688,0
dd 128,320,4233,24,-533,-155,0,-688,0
dd 128,320,4239,24,-534,-154,0,-688,0
dd 128,320,4245,24,-536,-153,0,-688,0
dd 128,320,4251,24,-537,-152,0,-688,0
dd 128,320,4257,24,-539,-151,0,-688,0
dd 128,320,4263,24,-540,-150,0,-688,0
dd 128,320,4269,24,-542,-150,0,-688,0
dd 128,320,4275,24,-543,-149,0,-688,0
dd 128,320,4282,24,-545,-148,0,-688,0
dd 128,320,4288,24,-546,-147,0,-688,0
dd 128,320,4294,24,-548,-146,0,-688,0
dd 128,320,4301,24,-549,-145,0,-688,0
dd 128,320,4307,24,-551,-143,0,-688,0
dd 128,320,4314,24,-552,-142,0,-688,0
dd 128,320,4321,24,-554,-141,0,-688,0
dd 128,320,4327,24,-555,-140,0,-688,0
dd 128,320,4334,24,-556,-139,0,-688,0
dd 128,320,4341,24,-558,-138,0,-688,0
dd 128,320,4348,24,-559,-136,0,-688,0
dd 128,320,4355,24,-560,-135,0,-688,0
dd 128,320,4362,24,-562,-134,0,-688,0
dd 128,320,4369,24,-563,-133,0,-688,0
dd 128,320,4377,24,-564,-131,0,-688,0
dd 128,320,4384,24,-566,-130,0,-688,0
dd 128,320,4391,24,-567,-129,0,-688,0
dd 128,320,4399,24,-568,-127,0,-688,0
dd 128,320,4407,24,-569,-126,0,-688,0
dd 128,320,4414,24,-570,-124,0,-688,0
dd 128,320,4422,24,-572,-123,0,-688,0
dd 128,320,4430,24,-573,-121,0,-688,0
dd 128,320,4437,24,-574,-120,0,-688,0
dd 128,320,4445,24,-575,-118,0,-688,0
dd 128,320,4453,24,-576,-117,0,-688,0
dd 128,320,4461,24,-577,-115,0,-688,0
dd 128,320,4470,24,-578,-114,0,-688,0
dd 128,320,4478,24,-580,-112,0,-688,0
dd 128,320,4486,24,-581,-110,0,-688,0
dd 128,320,4495,24,-582,-108,0,-688,0
dd 128,320,4503,24,-583,-107,0,-688,0
dd 128,320,4512,24,-584,-105,0,-688,0
dd 128,320,4520,24,-585,-103,0,-688,0
dd 128,320,4529,24,-586,-101,0,-688,0
dd 128,320,4538,24,-587,-100,0,-688,0
dd 128,320,4546,24,-588,-98,0,-688,0
dd 128,320,4555,24,-588,-96,0,-688,0
dd 128,320,4564,24,-589,-94,0,-688,0
dd 128,320,4574,24,-590,-92,0,-688,0
dd 128,320,4583,24,-591,-90,0,-688,0
dd 128,320,4592,24,-592,-88,0,-688,0
ruchow equ 2497
