dd 3205,-2564,26281,108,0,0, 1
rept 3
dd 3205,-2564,26281,108,0,0, 0
endm

dd 641,-14743,39742,-105,0,0, 1
rept 3
dd 641,-14743,39742,-105,0,0, 0
endm

dd -3205,-11538,22435,-174,54,147, 1
rept 3
dd -3205,-11538,22435,-174,54,147, 0
endm

dd 4487,-10256,42947,48,450,28, 1
rept 3
dd 4487,-10256,42947,48,450,28, 0
endm

dd 1282,-11538,42947,48,636,28, 1
rept 3
dd 1282,-11538,42947,48,636,28, 0
endm

dd 14102,-19230,35255,156,411,-183, 1
rept 3
dd 14102,-19230,35255,156,411,-183, 0
endm

dd 3205,-2564,26281,108,0,0, 1
rept 3
dd 3205,-2564,26281,108,0,0, 0
endm

dd -3205,-11538,22435,-174,54,147, 1
rept 3
dd -3205,-11538,22435,-174,54,147, 0
endm

rept 2

dd 641,-14743,39742,-105,0,0, 1
rept 3
dd 641,-14743,39742,-105,0,0, 0
endm

dd 14102,-19230,35255,156,411,-183, 1
rept 3
dd 14102,-19230,35255,156,411,-183, 0
endm

dd 3205,-2564,26281,108,0,0, 1
rept 3
dd 3205,-2564,26281,108,0,0, 0
endm

dd 1282,-11538,42947,48,636,28, 1
rept 3
dd 1282,-11538,42947,48,636,28, 0
endm

endm